663
665
676
648
627
622
612
595
588
593
609
642
638
639
648
634
613
635
646
650
632
616
598
599
600
615
632
630
631
640
672
685
680
676
652
639
646
652
654
673
697
733
708
710
702
691
708
679
651
653
660
697
713
690
688
700
722
704
671
649
630
615
600
593
589
595
613
644
684
778
752
723
773
752
772
730
724
734
735
735
738
719
752
690
687
708
719
739
723
685
678
713
730
715
700
691
687
686
696
684
689
727
747
754
755
753
769
792
791
757
716
702
694
669
657
657
647
663
669
744
833
801
845
854
835
808
798
771
731
695
654
650
628
630
626
663
706
727
725
764
817
800
816
786
761
785
796
739
728
738
767
810
780
799
804
814
812
783
771
752
755
748
741
720
699
724
751
737
775
763
728
748
774
769
736
696
670
654
626
624
617
624
651
765
753
742
802
771
784
751
680
652
638
625
622
624
681
758
724
742
740
738
791
849
767
713
717
685
685
687
690
689
695
677
640
644
659
635
1263
642
638
628
612
599
592
581
575
573
571
573
574
552
555
561
580
576
568
564
563
575
582
595
585
592
609
623
625
628
604
604
619
650
675
681
642
629
634
651
663
703
680
674
670
694
704
686
682
678
694
693
663
669
680
688
697
710
714
716
719
698
670
642
637
639
670
705
723
727
724
719
695
701
690
671
657
638
623
611
605
592
595
619
648
681
694
705
716
695
686
655
681
710
718
724
728
759
753
717
725
719
704
682
664
646
664
682
710
684
676
672
669
674
675
714
757
740
741
759
757
717
683
651
629
615
620
644
676
659
670
677
687
652
657
671
677
672
715
704
705
707
695
705
718
740
710
708
742
775
806
770
754
766
771
784
774
775
754
740
756
784
812
807
803
802
790
805
801
782
778
802
798
788
751
718
675
670
681
688
704
655
671
775
854
819
807
775
750
739
753
793
780
762
711
701
698
717
720
720
739
745
731
712
733
770
740
783
858
820
872
825
808
769
748
725
689
650
654
657
666
664
653
645
639
631
631
642
638
658
660
694
710
681
687
654
638
627
612
598
586
575
596
685
833
847
806
879
882
839
791
753
718
687
667
726
753
754
829
817
796
812
763
737
767
729
731
772
776
739
726
700
736
774
771
783
788
799
785
777
750
755
757
746
730
721
688
687
685
690
702
742
730
744
751
771
753
759
797
762
783
799
803
789
761
729
714
696
683
704
800
793
772
728
729
712
707
709
712
665
665
712
767
808
811
780
773
761
777
762
756
783
839
842
830
842
838
816
806
785
755
736
704
697
721
795
834
819
787
793
758
768
807
805
765
745
745
754
753
722
701
718
753
769
769
770
755
761
749
737
732
718
679
669
663
654
648
645
676
711
701
722
751
762
771
775
742
738
703
645
651
639
628
625
623
613
639
708
778
765
821
815
786
756
766
756
768
716
688
686
687
679
691
675
669
705
714
680
639
646
681
725
753
758
754
716
689
668
669
685
705
703
715
700
683
682
670
664
659
658
651
650
663
636
635
625
622
631
642
687
723
713
701
672
666
674
696
718
715
729
729
722
713
698
687
674
673
661
637
638
658
682
683
689
686
669
648
642
636
637
654
692
705
716
732
777
779
771
735
721
688
666
672
662
664
647
635
638
616
628
647
699
755
762
775
765
733
709
728
712
699
681
660
655
647
650
639
641
647
657
665
718
746
725
743
780
805
757
771
749
746
731
729
704
687
663
663
661
657
659
671
688
708
717
692
682
711
716
743
765
752
705
662
676
709
764
796
825
825
825
843
812
802
810
802
766
757
750
736
692
664
660
708
756
768
791
761
768
797
778
760
768
767
766
797
798
754
746
729
769
787
798
811
779
770
774
768
764
741
741
749
723
704
743
726
757
801
757
730
728
719
692
726
741
740
765
790
819
797
763
797
819
851
873
853
787
831
844
840
761
736
758
781
740
775
865
841
802
854
862
914
869
815
813
848
897
915
891
819
851
875
931
903
849
842
881
901
889
827
845
867
905
849
813
845
870
909
829
795
827
827
835
810
779
819
840
815
771
783
807
833
788
781
809
842
816
782
810
845
871
854
807
834
844
842
818
791
831
854
896
842
788
831
841
856
837
791
809
830
854
889
824
783
826
835
847
814
777
813
850
856
794
785
813
846
860
804
799
837
834
787
796
817
762
767
790
833
827
836
795
771
770
769
786
741
753
781
832
869
829
788
816
837
854
810
813
834
868
825
807
845
873
828
813
847
877
842
819
854
866
809
794
833
868
844
847
899
928
867
847
869
881
864
813
811
836
877
900
864
810
815
862
867
872
826
792
834
881
836
801
838
861
827
803
816
833
848
825
805
839
835
815
781
807
798
757
737
751
820
858
841
826
854
841
831
801
817
837
835
809
822
854
902
868
817
839
852
906
881
824
831
864
873
864
828
793
801
840
883
887
870
813
802
849
873
855
812
777
794
814
798
788
877
883
825
789
840
855
876
809
782
823
839
843
795
827
847
853
828
794
774
776
807
806
831
816