860
792
827
949
977
891
832
862
919
868
873
845
732
667
682
688
642
700
714
780
695
677
676
614
604
582
594
572
606
671
701
716
729
757
697
688
536
763
388
880
645
704
663
641
758
748
853
624
318
792
798
796
796
1056
931
897
1003
915
1002
944
984
1003
978
1043
1053
964
1088
951
1057
980
996
1072
1044
1026
1114
983
1042
1096
994
1008
1055
1068
968
1062
1041
1033
1082
1060
1013
1047
1011
1067
959
1083
1031
965
1118
957
1009
989
1066
1111
1013
1142
1012
1019
1111
990
1239
1120
952
979
1055
937
866
1015
1030
1051
956
993
1126
1036
988
1011
1012
1088
995
969
1106
981
1023
1115
987
1038
1085
985
1057
1086
1012
926
1011
985
1063
1037
990
1056
985
1003
1028
955
1053
1113
999
1055
991
955
1046
1040
1047
1011
1061
982
916
896
978
971
1028
988
1042
1031
916
952
994
971
996
985
1105
969
1000
1029
1059
994
1080
1062
941
1085
1033
976
1130
1013
1067
1108
993
1009
1048
981
921
792
980
1072
1012
1065
999
1104
1071
957
1095
1052
1011
1155
999
1042
1025
1104
1131
991
1056
1066
1045
1049
958
1041
1078
1041
1031
944
1031
1074
1068
1063
1062
1103
1018
1097
1063
977
1038
1045
983
1003
1015
1079
1004
968
1009
973
1083
998
1027
1005
968
1069
1052
894
760
1148
973
1017
1009
1062
1047
994
1082
992
1110
1080
964
1029
1084
999
1061
993
987
990
977
937
884
928
906
902
918
971
997