903
860
849
843
858
854
801
814
880
874
800
809
762
726
720
746
761
786
767
741
734
747
810
842
893
911
959
1017
1025
1021
981
960
956
1015
1086
1088
1069
1079
1078
1024
964
948
1014
1129
1117
1087
1056
1007
918
922
1006
1132
1161
1123
1074
969
902
893
941
1074
1157
1146
1108
1099
1045
960
943
981
1057
1103
1080
1075
1043
1008
962
965
1066
1158
1128
1100
1078
1049
975
1029
1077
1116
1100
1094
1073
1025
953
974
1069
1173
1191
1156
1146
1102
1078
1011
942
943
1108
1204
1189
1131
1120
1102
1038
935
958
1100
1186
1174
1168
1146
1077
1074
1056
1039
981
1124
1111
1119
1107
1081
1055
1055
1033
989
971
1072
1128
1123
1089
1093
1033
1021
1025
1087
1036
980
996
929
877
1076
1155
1128
1076
1110
1093
1046
1000
949
966
1081
1200
1159
1106
1094
1049
986
1030
1272
1190
1164
1136
1157
1149
1086
1014
1021
1194
1201
1185
1141
1117
1104
1033
955
1041
1182
1163
1141
1112
1136
1094
1023
970
1098
1188
1148
1126
1156
1095
998
979
1086
1223
1161
1136
1108
1085
1078
1087
983
1006
1133
1249
1211
1151
1104
1068
1014
987
1029
1134
1198
1124
1075
1058
1035
959
966
964
1019
1005
931
862
867
856
817
787
752
750
776
996
1026
1050
1112
1109
1116
1001
934
1063
1202
1194
1162
1083
1054
1021
976
961
942