811
778
785
767
747
729
690
693
721
762
830
825
782
812
838
841
777
741
737
769
775
744
739
739
717
724
691
682
673
686
667
663
662
656
652
648
644
634
625
630
645
625
635
665
713
773
763
729
705
713
734
701
708
724
717
698
716
726
733
722
723
702
691
681
690
662
660
667
689
676
671
674
702
717
693
696
696
673
659
662
668
680
688
683
678
702
706
691
693
702
712
698
683
685
703
715
689
696
723
746
727
710
686
657
640
654
667
651
651
653
664
681
672
674
688
675
665
646
666
676
689
671
646
652
661
643
641
640
621
633
652
660
672
715
717
702
740
787
827
811
786
744
760
809
850
892
849
800
786
852
938
921
856
811
884
923
949
921
846
800
837
895
944
945
886
810
768
798
807
841
876
810
801
809
874
892
899
848
778
759
807
870
886
846
791
789
863
887
881
837
813
847
907
923
933
867
808
827
858
880
858
809
778
806
874
893
873
833
794
765
771
825
836
836
828
780
746
720
771
846
871
866
812
783
814
830
820
760
734
738
802
882
870
787
769
813
844
880
815
756
776
796
787
795
785
739
757
793
825
851
811
767
758
751
705
695
758
756
733
760
813
854
812
769
771
821
847
810
763
807
848
903
813
760
720
756
830
920
885
817
785
815
840
876
868
790
749
764
788
817
831
847
803
771
749
742
786
770
770
733
726
768
830
841
787
741
738
775
808
780
745
727
767
816
826
784
730
731
752
704
703
730