823
870
902
918
891
913
908
882
813
747
764
771
787
772
788
784
780
759
783
852
871
848
850
880
879
861
890
909
927
885
901
888
856
812
772
727
709
694
707
755
815
896
898
896
894
848
787
754
742
770
773
794
792
799
807
821
836
816
837
848
882
854
839
829
850
854
812
806
804
773
765
795
850
833
793
759
731
720
717
726
746
740
734
735
744
771
798
811
794
774
763
732
719
707
694
690
687
720
811
858
847
822
773
735
744
784
822
869
928
915
914
937
943
935
896
904
877
906
934
877
842
825
832
846
840
838
778
760
733
711
700
694
709
730
729
730
746
739
767
822
805
775
756
730
724
701
698
709
745
762
774
773
739
710
691
674
666
678
683
706
738
759
833
861
820
792
778
772
767
777
771
742
727
725
707
695
707
710
705
692
691
710
736
763
848
869
888
899
895
940
909
890
877
860
849
891
879
823
779
735
722
719
714
700
701
704
718
737
748
783
811
778
788
811
800
804
798
800
808
841
853
837
859
866
838
802
769
728
717
694
669
661
681
696
742
761
754
732
747
736
744
737
725
714
731
737
742
731
722
734
771
836
847
818
821
813
800
810
842
843
823
829
815
780
762
697
700
733
756
847
860
858
857
884
927
940
930
908
856
861
834
800
816
847
854
854
911
918
896
905
922
939
889
889
886
833
822
850
785
792
768
724
709
705
689
708
795
801
780
781
808
850
848
893
902
836
817
782
758
766
775
772
766
797
825
835
854
811
810
784
757
739
723
712
729
755
777
780
784
790
755
735
729
709
737
789
802
794
770
741
733
728
764
765
763
752
745
737
722
730
729
752
786
840
864
897
913
889
850
847
842
847
832
848
869
851
875
856
865
822
796
785
805
773
743
739
765
759
783
786
786
790
780
788
800
813
843
876
841
807
734
768
771
757
752
760
811
899
941
948
917
894
878
795
818
808
829
852
877
883
825
808
797
765
784
769
771
807
910
956
958
942
920
901
845
813
763
735
750
734
731
779
956
965
1040
1070
1016
1026
1010
963
948
876
842
855
900
905
914
919
949
911
867
823
814
793
794
797
778
774
822
925
990
948
925
867
880
894
849
852
920
995
933
873
894
857
854
844
846
835
849
852
835
828
863
903
893
906
844
796
762
807
834
872
908
857
850
834
849
877
888
876
845
851
871
902
875
871
853
849
860
849
855
824
840
853
849
820
824
877
862
858
844
813
815
825
830
833
848
827
801
795
813
792
791
827
837
867
873
836
828
798
772
753
729
720
711
718
729
759
786
813
811
794
775
772
761
752
756
752
746
755
778
783
763
744
721
722
720
729
744
739
750
756
741
731
749
735
760
759
748
774
774
780
781
770
771
764
739
744
752
745
751
747
751
745
742
737
742
725
693
691
705
702
701
719
714
698
699
708
710
718
722
724
719
712
703
713
710
711
725
734
741
731
722
717
734
734
738
741
768
771
763
785
823
797
767
755
747
740
746
771
782
808
834
826
810
789
776
762
741
757
755
743
729
732
697
698
723
743
751
728
719
701
700
727
759
781
819
838
784
785
779
790
797
808
827
799
786
777
782
808
833
833
873
861
869
861
845
814
810
849
803
797
793
749
748
740
756
771
741
765
750
720
712
688
681
693
734
799
861
881
879
889
888
918
932
906
895
886
889
911
926
912
912
941
922
912
921
899
895
835
837
820
815
791
771
761
778
780
773
775
765
748
754
733
717
711
725
727
724
727
718
711
710
711
708
702
694
709
741
783
822
889
856
879
887
861
881
867
885
863
852
841
823
840
828
859
882
870
858
848
852
822
830
828
838
847
867
885
852
868
882
864
827
790
838
823
836
854
836
835
854
839
813
810
813
839
836
854
864
867
858
880
853
804
769
780
784
794
789
809
808
789
770
777
768
777
780
811
796
790
751
726
707
691
688
722
740
761
798
809
811
811
825
826
810
818
817
826
825
827
858
855
832
824
850
864
807
861
856
834
812
827
824
806
818
814
815
809
831
792
769
816
883
897
895
852
814
787
790
795
789
782
805
813
809
826
852
867
829
790
773
774
806
824
838
861
890
876
888
909
901
910
917
878
886
876
866
853
813
831
878
885
873
875
869
847
824
857
882
854
837
866
867
843
827
858
854
862
837
859
867
867
847
855
806
783
824
808
798
802
794
824
823
782
756
741
796
755
712
705
694
699
683
682
713
779
837
878
909
942
978
955
956
929
910
903
881
869
856
871
884
893
900
890
869
881
883
883
883
903
896
895
900
901
919
914
894
914
903
884
904
948
935
858
835
812
780
791
837
900
896
920
948
952
895
853
819