747
786
825
877
940
913
910
897
884
838
849
868
877
815
819
811
818
771
760
784
791
747
755
792
848
867
945
954
852
795
782
723
702
698
691
686
696
698
692
695
693
684
688
688
701
694
675
689
707
743
735
719
738
741
733
701
690
706
701
697
711
696
691
690
682
659
663
669
694
729
718
714
740
776
811
782
775
822
844
818
808
857
916
913
842
876
866
800
785
763
804
851
838
883
1022
1021
951
997
979
905
896
979
992
941
1040
1071
976
1008
1046
969
965
1036
1016
933
1019
979
900
960
1018
933
943
999
1028
946
977
1029
1025
932
990
1017
959
953
987
971
915
955
981
903
906
969
981
908
936
972
940
900
936
941
886
902
956
968
909
972
988
927
931
986
976
918
980
985
926
927
989
975
899
938
979
997
927
991
1018
936
957
1013
1018
948
986
1006
940
919
965
1000
935
951
1012
960
942
986
1018
945
953
974
959
885
912
960
920
882
942
995
930
929
980
966
902
928
976
919
907
953
971
892
915
928
890
877
866
895
969
953
948
1027
1029
950
1000
1038
977
977
1054
1038
956
1008
1054
995
944
978
1022
955
972
1025
991
932
984
1015
986
919
964
993
950
939
998
1022
936
991
1020
940
929
1026
1038
972
1028
1051
978
950
994
962
910
965
1001
935
984
1030
961