877
829
797
824
843
782
816
854
810
796
846
866
833
873
904
883
860
892
908
859
866
898
835
826
854
866
832
830
857
859
792
784
835
883
830
822
876
892
813
821
810
779
753
761
741
703
716
782
851
826
793
854
909
882
841
906
991
896
893
942
948
872
913
1002
960
900
986
997
967
925
979
1009
932
916
993
993
909
900
949
940
887
835
884
977
1012
942
937
1002
1010
910
957
994
939
926
981
964
898
939
973
910
903
958
1012
967
979
1018
995
890
928
979
1011
971
1017
1047
1002
1001
1047
1008
931
973
1001
978
905
944
997
1002
931
980
1008
967
911
971
989
948
885
925
943
891
873
916
933
887
914
951
974
909
938
985
988
926
985
1018
992
926
967
985
959
937
977
1000
933
973
1007
968
922
951
979
907
929
976
957
908
955
1000
939
926
983
1012
917
929
978
963
909
958
1000
1030
943
943
1009
1021
917
968
1012
1028
945
980
1008
970
908
955
991
928
933
968
979
935
939
987
997
925
942
973
966
905
952
981
947
901
936
970
936
907
955
990
966
923
960
980
918
910
944
957
901
925
961
943
897
937
960
884
931
970
930
867
904
941
913
876
907
939
932
901
940
948
894
911
951
931
865
891
918
861
843
840
869
834
899
954
957
951
891
898
932
913
872
932
1001
954
896
946
985
929
896
941
961
880
871
948
1019
936
893
962
1034