603
592
591
609
601
625
617
583
575
565
561
573
578
613
654
634
582
565
552
542
544
543
526
521
520
512
503
496
494
492
493
506
502
495
501
506
501
514
522
560
597
574
581
576
594
593
603
611
604
586
596
568
563
594
615
628
597
572
569
552
558
549
524
510
508
501
493
493
487
481
479
487
510
542
557
573
579
582
608
590
598
602
610
574
562
565
579
573
565
574
599
604
586
570
550
551
549
553
563
581
591
567
541
522
514
503
499
519
534
548
586
606
619
569
587
583
588
587
602
653
654
611
616
594
596
575
574
596
601
601
566
543
535
545
574
620
646
642
610
582
568
583
618
615
605
622
673
695
658
630
574
549
539
531
532
543
555
552
530
520
512
499
499
505
527
557
604
636
688
702
693
673
632
578
558
539
545
556
584
638
677
661
646
654
645
613
613
638
639
621
633
638
625
621
592
571
556
560
571
583
590
585
573
567
557
554
575
581
576
591
610
645
673
667
673
642
604
612
602
630
632
638
602
575
555
538
537
533
550
584
629
652
601
568
547
540
537
548
580
670
694
698
714
689
661
659
640
656
618
621
628
647
678
676
651
617
581
555
543
542
549
542
537
551
566
601
607
604
596
604
617
602
606
587
575
584
593
577
603
625
646
609
619
629
650
632
624
585
571
574
576
598
605
594
613
631
645
648
636
599
581
581
574
574
580
596
575
584
602
635
634
627
619
602
588
562
543
538
545
523
515
516
524
538
572
600
582
576
588
573
583
596
607
608
606
577
568
568
564
584
600
577
596
604
604
579
593
595
591
569
572
572
565
587
583
590
607
613
609
606
598
585
581
568
553
541
542
543
545
535
538
537
549
550
544
560
584
590
577
571
552
552
562
549
544
556
573
563
586
586
588
552
543
539
541
552
559
541
542
544
566
588
607
612
599
606
588
572
569
548
536
534
534
553
539
523
515
507
504
500
504
500
506
518
533
557
589
624
604
597
590
583
571
544
542
540
557
597
627
617
651
697
664
686
665
612
617
633
639
653
652
644
602
597
589
594
595
632
639
652
662
632
601
588
595
637
687
727
715
759
769
744
721
682
659
638
621
585
562
565
594
687
636
676
625
592
570
567
553
554
576
610
689
738
723
718
656
636
606
606
581
576
563
551
546
532
537
528
529
526
519
515
509
509
507
505
498
503
503
511
521
535
546
546
557
567
569
574
591
609
601
608
636
663
655
605
570
548
550
551
570
594
625
646
652
685
721
738
657
642
619
597
585
563
552
557
551
546
545
541
542
540
538
539
544
550
540
528
519
520
512
510
526
555
603
657
697
708
699
702
699
676
649
607
601
615
638
687
654
626
590
570
550
543
538
534
539
569
612
681
717
682
668
658
636
629
618
598
580
572
580
602
630
613
621
647
684
654
653
646
634
635
619
623
599
567
546
531
517
506
505
509
515
542
579
619
665
659
664
647
643
626
603
592
592
572
569
562
540
538
544
552
580
611
604
587
580
585
575
573
562
550
547
553
553
544
548
554
563
578
572
598
625
618
627
601
594
600
625
618
601
604
613
644
635
657
696
707
663
660
681
680
655
613
589
589
594
565
553
543
536
533
535
537
552
567
619
708
744
740
737
690
645
625
588
577
579
588
615
635
645
628
617
589
587
570
577
588
610
602
617
629
646
636
610
622
599
596
604
613
612
631
624
621
1188
559
545
539
523
512
514
519
536
558
601
645
634
595
580
596
606
611
624
616
599
580
574
569
559
549
554
569
605
665
680
694
687
681
624
596
587
593
604
642
659
657
620
611
608
618
631
691
720
687
702
686
649
631
628
639
640
636
630
592
586
590
609
646
687
632
626
628
605
604
599
611
633
642
623
601
605
624
604
600
611
629
634
604
619
635
655
652
681
699
664
612
598
589
591
577
576
604
605
661
653
628
638
646
611
595
611
641
671
728
713
722
704
691
683
689
669
648
627
629
658
714
681
650
667
675
737
736
707
649
654
646
651
632
638
644
643
673
688
694
650
659
673
685
675
666
631
627
628
621
606
587
579
590
656
741
747
753
715
669
704
719
676
669
690
684
692
688
700
690
690
627
623
628
658
681
690
637
622
634
639
642
621
601
607
613
609
624
672
719
716
698
668
669
642
616
613
639
713
779
767
736
635
614
600
604
623
662
702
729
703
665
653
636
613
595
598
622
657
676
662
637
616
607
628
677
750
766
733
738
732
722
703
657
647
628
643
732
851
838
793
766
744
712
679
653
633
626
655
756
829
834
808
770
770
737
709
696
690
671
665
664
664
699
792
882
885
832
799
756
725
727
729
708
681
664
661
663
723
806
804
764
713
656
630
641
677
688
680
665
646
656
728
771
732
705
697
702
702
675
650
641
671
745
823
807
793
775
729
688
671
688
740
783
781
787
762
704
670
663
700
793
816
806
791
755
765
733
689
660
664
719
793
804
801
785
789
747
695
678
691
749
784
782
772
790
735
685
663
676
723
790
794
818
776
699
671
685
745
780
776
779
752
693
674
698
761
784
783
791
776
724
678
657
670
728
780
794
786
787
767
715
682
665
688
768
780
758
762
730
688
665
661
680
747
762
767
759
710
682
691
729
752
730
725
694
655
638
636
671
765
784
778
771
751
693
663
658
700
773
797
745
656
623
603
579
564
563
574
605
629
632
687
768
791
771
723
671
618
595
585
617
651
692
661
634
670
755
782
739
675
642
624
610
614
657
854
881
861
833
812
780
774
790
806
829
793
731
758
686
662
641
621
631
688
813
841
826
814
792
769
752
765
728
702
680
690
767
842
822
793
775
771
730
704
686
663
680
762
818
806
795
795
769
711
686
711
751
799
790
765
720
677
660
673
734
816
803
793
775
731
693
680
680
726
797
812
826
796
729
681
670
692
753
768
772
787
809
756
704
674
662
678
751
837
852
833
834
803
737
698
695
688
691