732
813
919
993
956
907
829
760
719
688
660
668
700
719
711
698
749
771
802
799
782
740
728
720
689
724
759
834
893
874
841
755
703
683
652
628
611
612
628
681
713
731
762
841
960
939
861
753
699
718
792
1140
1035
909
995
1150
1188
1126
1144
1157
1059
1087
1113
1090
1030
1028
886
867
895
862
830
893
976
970
977
939
1049
1067
1058
1034
909
920
900
863
915
1027
990
973
1022
995
959
1039
1063
967
964
979
981
953
870
791
791
769
756
787
797
877
847
949
1013
994
1042
1063
999
1006
1027
1066
1000
981
952
980
1129
1138
1089
1014
1019
940
905
822
867
901
948
926
851
793
838
947
960
848
876
886
911
995
1015
985
1003
1082
1110
1035
979
995
1036
1071
1033
931
985
968
946
888
873
930
950
998
1022
917
944
960
990
977
929
994
1038
981
992
993
983
932
982
986
943
1020
1025
1016
1026
980
880
748
876
919
845
1051
1016
968
962
1018
988
927
959
960
892
949
993
953
909
976
846
776
761
709
770
935
896
990
970
955
988
992
896
727
717
1138
1045
1069
1088
1107
1117
1125
1091
1096
1072
998
977
990
998
1156
1158
1150
1073
1107
1112
1070
1026
1012
960
900
958
1005
958
940
995
1049
1007
1021
1001
967
977
940
877
822
891
916
886
912
1014
1080
1092
1009
1007
1010
955
917
1003
993
945
922
1000
1061
1021
1043
1132
1113
1043
1069
1062
1063
984
1006
1088
1045
1044
1063
1082
1076
1042
1061
1070
1011
1022
1063
1023
952
979
984
876
823
897
881
997
1034