680
704
706
735
747
707
701
685
696
688
705
700
696
695
652
663
646
661
646
632
637
668
697
733
734
735
729
713
707
698
676
661
658
686
801
975
933
1006
1007
993
976
962
942
891
839
851
779
850
851
794
817
1034
1029
985
938
767
729
712
723
782
881
954
909
842
752
682
690
745
962
824
892
907
900
860
863
833
824
826
889
863
811
780
847
890
880
837
803
771
759
763
791
772
812
865
849
823
798
466
758
724
733
896
912
929
903
840
784
734
691
695
702
714
672
734
873
1106
1043
1001
966
930
833
747
768
940
1087
998
1006
1048
1041
938
889
928
902
832
880
997
952
854
913
894
849
784
840
828
762
777
838
917
870
794
744
758
758
771
776
920
1002
931
832
894
922
848
798
850
876
790
809
902
868
776
741
749
746
737
760
776
789
814
815
766
848
878
849
833
792
850
1014
1046
932
864
797
788
849
853
852
923
938
827
906
923
886
870
812
800
775
760
835
1037
977
869
830
801
811
801
776
759
762
718
710
745
789
817
715
704
702
771
869
898
824
785
734
748
760
802
827
775
851
870
854
813
937
950
817
772
712
746
819
808
771
846
849
738
735
711
729
755
813
831
762
804
823
968
944
894
911
867
859
812
844
972
977
954
962
980
972
896
894
932
899
844
847
893
872
868
871
807
765
736
759
799
877
831
810
772
744
707
712
716
738
770
755
748
863
884
835
791
778
763
713
706
703
733
742
759
785
748
713
768
713
783
693
705
710
723
726
722
699
666
675
717
688
668
660
641
646
621
600
605
594
587
580
578
589
608
630
684
777
836
870
839
791
802
933
988
989
874
826
801
821
1189
1079
1046
1023
923
837
733
730
766
1128
812
765
718
750
707
693
745
757
756
751
798
847
1057
1016
879
772
756
773
797
808
794
817
919
1066
990
861
811
787
782
813
940
1001
1038
1011
851
784
789
843
914
925
821
784
873
1045
970
839
786
825
957
991
894
822
824
901
968
912
811
774
810
949
1012
905
837
873
998
1061
889
826
891
1045
986
832
763
786
883
785
713
763
795
921
1131
1063
954
806
799
842
855
820
774
770
841
1041
1024
842
802
871
931
898
851
907
844
818
837
1096
1083
959
839
817
841
925
926
857
910
1073
1006
861
825
862
869
793
768
836
1104
1005
898
859
929
1038
914
835
911
1097
976
846
893
1008
968
857
868
949
950
841
775
808
869
1060
976
975
1058
968
847
855
814
814
805
803
1003
1067
933
822
842
898
939
853
846
984
1028
883
833
887
939
873
847
933
957
854
812
883
1093
1017
883
975
1021
954
937
994
970
832
827
913
1028
913
905
1047
1063
943
900
979
1017
901
852
947
949
855
783
813
869
1032
1017
838
725
679
674
718
1128
1017
884
772
736
820
947
911
772
696
669
662
642
649
678
707