598
597
621
723
891
883
848
863
705
676
684
814
976
812
813
1008
1058
928
796
757
922
970
833
873
1063
1084
979
871
800
947
1050
998
867
855
958
1093
1033
832
789
818
765
787
946
768
744
853
1047
991
889
767
764
951
1062
966
784
855
952
806
730
775
972
938
806
767
825
923
977
778
734
742
812
979
905
811
838
941
951
836
784
764
811
1025
950
898
793
759
771
935
1041
877
729
688
662
672
1084
944
884
940
933
751
749
843
767
742
869
803
755
748
831
1038
964
781
738
809
1034
1009
884
857
991
1034
1006
893
807
927
1075
936
905
1017
975
919
904
979
1028
877
794
853
935
873
849
946
1005
883
847
898
932
818
810
938
929
813
857
929
909
826
887
938
828
755
742
789
962
809
885
893
866
792
833
899
947
802
747
757
892
1060
896
828
873
980
937
777
779
794
832
811
800
1036
1014
932
803
741
774
871
1021
841
804
955
976
891
771
733
771
965
1041
893
768
754
789
1034
983
871
806
852
844
854
869
883
829
788
831
844
768
757
788
809
745
709
739
864
820
764
834
957
860
782
814
861
771
736
792
974
918
763
749
895
960
783
737
731
854
979
848
760
742
818
852
761
724
718
788
821
726
708
706
797
879
926
868
744
724
745
837
847
751
743
881
998
821
770
830
912
825
785
802
950
958
781
734
750
842
941
844
761
762
806
889
855
734
730
721
779
938
865
742
730
731
754
688
689
696