630
604
587
569
572
571
668
744
628
578
549
528
555
821
677
703
670
600
593
606
637
680
651
682
428
781
616
606
583
583
547
549
528
529
551
608
813
731
618
629
619
624
612
591
578
560
543
545
545
546
549
546
556
563
556
537
523
528
586
882
753
695
594
585
564
550
536
532
547
636
965
875
831
764
688
677
652
672
665
702
684
662
628
668
640
646
610
597
562
599
656
646
610
584
582
570
568
541
545
548
563
604
663
680
608
618
645
658
639
593
572
551
577
911
769
729
648
688
780
764
674
645
654
667
644
624
612
645
661
651
621
678
629
610
613
624
603
571
541
527
518
527
559
598
593
623
663
654
579
550
536
568
1009
860
817
696
678
640
630
616
558
537
532
554
741
813
804
755
722
692
663
642
621
586
570
549
546
569
949
831
805
731
640
590
568
567
622
886
776
739
737
741
735
637
662
701
741
668
633
644
675
685
644
646
658
665
647
621
655
652
630
644
638
616
582
573
579
589
575
562
582
623
663
655
634
633
605
627
620
620
597
586
591
614
412
734
550
532
522
530
564
611
600
651
653
636
600
608
636
666
684
623
622
624
658
620
645
660
658
615
606
632
693
679
615
625
629
604
646
658
680
630
639
631
637
607
613
627
653
372
791
615
616
597
591
640
699
761
631
688
633
619
632
599
565
556
549
534
526
546
567
566
567
568
567
541
549
590
650
616
594
575
563
540
533
546
597
657
432
805
585
572
559
588
638
696
660
700
661
600
729
822
662
640
613
593
594
603
576
581
608
622
617
578
561
555
567
586
606
602
580
557
562
571
572
563
592
636
659
601
603
599
585
583
592
637
670
685
605
633
597
587
559
545
548
898
808
793
656
610
643
627
608
561
564
575
612
628
574
560
573
670
838
757
685
640
604
599
605
632
662
639
661
668
649
631
648
656
381
834
641
629
605
612
624
586
559
546
565
638
704
605
591
593
625
671
617
610
594
610
597
583
564
544
534
542
562
586
570
575
611
775
731
638
616
604
613
619
585
581
595
657
719
641
648
715
696
616
605
628
687
713
644
646
637
633
604
569
555
556
579
611
623
579
579
605
673
718
633
625
621
620
594
584
585
614
703
699
638
704
701
655
588
571
568
600
580
563
554
549
534
533
543
534
525
531
546
580
370
770
586
598
572
559
592
681
813
666
657
732
655
632
663
718
615
599
573
574
571
557
564
608
621
609
632
618
589
573
567
568
590
624
641
622
622
592
604
611
645
622
592
591
617
683
670
639
610
591
591
587
580
565
558
585
716
870
868
823
726
633
617
628
631
604
599
689
826
738
622
619
622
649
638
657
616
604
573
557
544
533
531
524
523
533
575
676
817
847
812
730
706
675
675
706
648
602
647
639
669
699
694
647
614
606
610
627
637
646
365
802
605
601
612
650
649
622
584
587
649
793
645
609
749
654
645
670
701
646
634
638
668
687
697
631
647
657
704
620
611
657
730
659
606
617
649
665
605
583
590
619
612
588
568
566
695
846
761
726
720
684
620
602
571
557
539
542
565
604
607
608
604
583
565
565
580
622
675
663
628
616
487
702
583
567
543
540
573
866
781
746
606
574
578
606
823
721
626
595
607
658
642
612
619
604
430
780
607
582
566
579
593
609
392
788
579
372
696
571
766
822
906
931
842
828
817
785
723
746
732
715
625
637
668
688
716
689
660
636
604
570
556
557
598
656
674
646
599
583
559
550
557
593
656
673
657
730
697
673
667
679
685
684
626
602
619
770
863
748
650
368
805
617
615
618
609
674
862
799
686
689
742
737
662
637
633
606
587
579
594
622
654
617
616
584
578
558
550
558
558
579
604
622
624
600
572
560
563
557
554
555
566
587
603
589
564
560
568
557
571
565
559
567
589
573
558
531
522
517
529
604
692
700
684
670
461
750
577
621
754
783
768
712
646
588
583
625
906
646
594
572
605
730
713
655
674
685
666
632
678
726
703
608
592
602
641
721
714
662
641
616
578
571
572
602
686
648
594
571
602
932
835
717
609
612
611
590
600
641
760
759
781
759
710
700
723
723
729
702
662
640
637
670
706
712
655
688
681
656
646
431
727
591
592
632
675
666
659
755
784
770
685
657
690
687
669
634
663
678
719
664
665
721
724
738
681
676
679
692
690
653
708
709
748
727
687
693
688
693
634
645
682
686
709
639
621
628
645
404
807
608
601
576
569
578
636
664
452
726
608
665
681
689
688
663
617
617
641
704
732
650
607
615
372
820
644
621
623
683
731
829
763
782
806
809
705
753
761
767
736
663
697
729
719
643
693
719
775
742
676
743
728
727
659
692
729
743
679
666
698
739
698
670
698
739
743
666
672
709
729
642
658
692
722
660
651
710
731
713
646
672
706
674
645
659
689
746
665
657
690
709
646
629
667
718
701
614
622
663
653
633
604
602
613
671
679
638
676
678
698
649
657
667
670
650
646
677
701
680
630
596
577
589
647
805
856
851
759
682
697
686
691
649
675
715
727
730
646
626
642
681
702
688
619
644
667
702
719
663
676
709
697
672
666
712
697
702
644
671
708
726
672
661
686
703
661
658
691
721
434
855
645
661
687
681
666
782
848
821
732
779
756
681
659
683
702
647
632
649
619
593
582
593
577
575
607
690
720
626
655
640
682
685
621
627
670
809
745
697
688
728
766
712
657
700
741
695
627
631
670
726
698
650
692
764
725
657
664
670
671
638
609
609
659
777
722
642
670
719
737
682
657
679
667
662
629
646
683
816
728
646
655
661
674
646
609
586
574
602
937
857
807
763
647
621
619
629
657
646
627
640
670
729
729
630
671
688
684
627
646
686
688
674
631
650
675
694
621
616
631
656
643
414
785
614
634
615
603
635
678
738
646
701
720
775
690
658
682
653
640