677
676
673
688
716
715
687
671
660
662
678
661
676
686
676
671
678
686
707
696
693
713
685
677
663
653
659
670
672
676
664
680
679
674
671
670
659
681
664
705
681
671
678
666
654
649
652
645
648
659
656
648
667
676
660
675
686
691
690
715
708
705
692
685
666
704
684
680
692
684
675
691
670
653
660
660
649
647
651
660
653
667
666
687
666
684
694
704
753
701
690
678
686
653
653
655
653
657
673
666
657
649
678
705
697
704
690
675
677
650
709
701
666
650
651
661
664
667
649
641
644
644
645
655
667
683
672
674
683
680
670
659
653
656
668
681
693
702
701
687
669
653
646
644
672
690
753
695
690
681
657
647
651
659
651
643
649
657
678
670
661
670
673
677
686
697
665
660
683
681
669
673
685
684
692
657
704
690
671
646
639
634
649
657
663
642
639
646
666
662
657
690
727
732
721
710
685
668
690
689
674
669
666
649
662
653
647
637
654
307
1005
675
680
712
710
687
665
657
652
665
678
699
691
675
686
704
700
679
684
680
687
693
696
677
659
666
686
678
672
688
705
712
703
698
714
701
699
697
703
700
712
709
710
687
703
706
682
678
666
662
684
722
747
723
715
705
679
672
678
685
702
691
683
687
689
667
702
716
703
690
678
687
693
682
692
702
684
697
693
678
680
688
692
707
694
689
669
313
979
652
654
645
645
662
701
717
712
735
732
717
728
714
719
718
702
684
683
691
712
687
685
705
689
686
685
689
692
679
703
688
682
688
688
685
674
688
689
676
685
688
676
677
685
676
674
678
688
682
679
666
663
675
660
664
682
670
662
684
685
679
675
686
697
718
688
663
666
658
661
669
673
667
666
665