801
786
774
763
781
788
762
750
733
685
676
688
712
731
789
799
812
815
807
779
801
785
814
853
876
849
887
896
831
872
871
891
863
866
885
854
919
952
990
987
899
879
885
850
801
878
933
950
860
896
853
907
958
892
918
918
930
937
928
923
894
835
837
833
781
803
798
816
799
766
794
812
839
912
889
878
810
795
801
792
793
861
918
915
896
867
775
744
746
743
758
762
808
866
846
921
921
900
935
930
899
861
820
864
838
801
784
795
778
787
776
830
876
946
867
867
854
847
862
860
866
911
957
980
969
957
895
854
820
805
850
893
880
957
941
885
896
858
891
852
907
881
901
893
826
800
809
818
834
866
910
952
914
913
874
831
793
784
825
847
804
836
880
893
903
909
858
815
813
828
820
797
846
818
812
815
937
957
873
837
792
794
775
761
765
737
760
823
839
851
880
877
833
792
781
778
778
776
820
847
855
909
826
849
855
853
773
745
728
710
728
760
777
747
778
839
805
813
793
789
784
766
802
818
823
832
842
845
854
827
814
786
801
848
855
867
895
858
853
846
892
872
836
792
792
802
799
847
907
927
890
888
816
827
878
849
834
854
897
910
905
903
862
816
775
760
736
747
743
765
776
762
815
915
928
955
943
929
881
828
747
729
732
783
853
892
883
882
867
886
917
887
889
887
843
859
903
918
953
983
920
932
1007
998
993
902
872
856
888
951
990
989
975
945
887
849
825
838
904
964
950
966
1007
970
872
854
856
858
863
895
933
888
889
951
981
969
975
921
860
823
861
878
909
844
863
834
942
939
968
913
903
890
851
831
809
768
770
754
780
788
754
726
730
710
699
688
720
720
694
704
716
732
737
759
881
759
727
714
705
714
725
745
791
818
841
822
843
790
796
799
822
825
804
780
782
796
864
898
880
844
839
851
853
814
793
776
756
768
785
767
818
836
913
867
864
821
813
777
748
704
697
711
740
797
815
814
790
800
822
856
822
841
852
857
845
862
876
882
870
813
768
788
777
850
883
837
851
835
823
832
834
853
807
835
842
847
812
851
867
845
831
855
864
854
854
857
854
855
864
831
818
774
706
702
737
802
911
974
969
965
956
939
902
876
855
817
759
726
753
786
837
863
890
923
897
859
796
785
750
719
706
708
709
781
896
921
930
918
918
892
836
792
770
751
761
780
792
809
857
893
900
903
893
854
816
815
819
793
822
814
892
851
823
797
800
790
764
740
716
715
744
787
823
855
849
828
806
779
748
724
740
747
786
823
854
806
751
755
760
743
746
752
818
897
856
850
844
831
844
852
868
897
915
938
924
901
825
833
841
854
800
866
842
906
874
815
773
741
733
721
730
771
809
845
867
865
844
821
831
851
849
836
808
778
789
821
820
878
942
914
930
893
859
875
877
844
821
801
772
768
766
748
721
722
729
731
747
771
756
765
756
744
734
725
729
746
747
758
751
790
802
796
787
794
808
796
772
797
814
828
844
831
849
826
814
805
814
858
823
825
847
876
839
823
836
825
870
804
759
759
743
764
786
885
895
921
911
808
801
810
782
764
741
723
688
676
670
682
705
752
773
812
779
802
858
911
922
946
963
912
964
1019
998
1116
1094
980
933
877
863
899
945
959
921
938
893
819
830
826
829
809
825
854
880
871
890
890
896
866
831
844
916
936
874
922
899
868
883
906
876
835
831
831
846
836
802
822
847
809
813
811
824
805
814
860
860
811
791
791
803
770
790
825
854
853
885
915
878
824
824
827
791
779
823
864
846
839
855
864
818
795
739
706
706
712
751
817
918
923
965
944
906
859
865
862
836
811
873
908
881
864
883
893
856
878
908
929
873
927
926
895
860
922
928
878
868
905
913
868
917
948
914
877
907
914
882
841
857
874
852
908
899
869
888
890
884
801
797
830
808
827
894
902
858
836
818
778
785
827
869
839
837
839
861
823
854
868
850
807
834
866
894
870
909
909
881
891
918
869
808
773
725
736
748
768
861
926
904
876
937
931
897
902
911
851
821
845
861
854
830
867
902
854
852
861
873
836
849
870
938
907
929
947
903
891
876
873
826
852
900
931
893
906
918
857
916
937
891
902
888
813
803
820
867
836
855
955
949
894
929
954
911
865
875
892
859
878
930
896
850
867
836
813
829
835
866
839
892
924
910
856
885
915
922
871
943
990
941
921
941
905
822
855
917
912
917
1019
973
831