695
688
670
674
688
709
719
696
661
681
677
682
683
674
666
677
655
647
682
669
659
680
680
682
703
706
697
706
703
681
674
690
697
689
679
683
700
688
688
702
690
683
702
706
688
681
698
708
688
704
695
676
664
659
660
672
676
673
678
687
667
657
649
680
665
665
677
669
662
673
696
697
687
685
688
666
647
663
664
666
667
693
724
742
733
715
693
687
690
668
656
652
658
683
683
661
650
660
677
686
688
671
663
667
700
749
776
739
751
728
710
699
692
704
684
682
699
702
696
695
697
689
702
715
720
720
721
709
693
682
672
675
687
695
768
773
732
732
729
706
690
702
714
695
683
698
701
691
728
720
703
709
712
708
703
694
682
688
686
706
681
671
691
692
676
661
655
652
656
644
659
660
660