696
681
672
646
647
663
696
749
800
776
801
800
797
787
771
804
847
845
811
782
713
726
774
834
817
815
827
868
886
874
820
830
864
867
862
942
985
979
928
855
819
843
876
906
879
856
890
901
882
886
901
878
873
892
853
803
818
830
826
810
782
740
712
725
733
763
781
798
801
772
782
801
796
791
833
880
866
850
879
882
855
845
873
896
901
875
913
909
884
900
917
901
891
852
818
801
855
873
860
896
896
854
867
890
874
832
862
899
903
873
849
850
838
823
852
858
822
827
835
824
823
848
854
854
813
824
830
785
783
763
727
713
792
815
827
864
884
850
810
790
790
800
798
804
847
870
858
831
858
861
843
854
854
830
813
840
922
874
877
899
853
865
905
928
926
913
885
862
858
905
854
887
866
851
859
882
868
889
913
890
872
890
875
849
863
845
820
832
854
840
871
896
854
849
876
872
854
892
885
868
874
847
813
836
873
868
837
852
845
819
829
837
844
833
854
868
852
882
896
840
866
883
865
840
865
863
844
849
849
836
819
841
854
835
845
858
858
813
796
839
859
829
849
874
860
852
854
890
850
828
825
800
808
832
855
829
839
830
806
832
817
801
788
803
800
804
809
814
824
812
790
788
804
822
785
816
817
799
787
789
794
773
784
801
810
775
776
761
776
784
792
796
815
845
853
835
832
809
763
777
781
766
784
804
806
779
787
782
753
756
797
847
845
828
828
801
807
816
790
796
808
790
780
805
818
802
813
835
852
815
805
809