733
770
829
884
938
947
908
773
741
738
775
760
765
787
812
777
826
853
897
899
830
795
841
908
921
913
926
893
857
814
802
859
863
824
819
932
1004
992
1016
997
985
907
930
949
926
979
964
927
832
751
763
823
821
862
823
777
761
768
795
855
854
806
797
790
769
770
774
785
839
813
811
796
783
760
788
854
934
813
731
811
963
997
1002
1008
999
977
874
893
904
977
1034
950
957
970
937
837
794
803
968
1001
1066
1079
1073
1090
1048
929
921
981
976
943
1070
1076
1027
1087
1060
978
992
1017
1023
1023
1024
925
902
895
919
937
898
824
881
1046
1115
1052
1035
985
918
834
829
961
906
1107
994
1112
1121
1084
1067
1068
872
790
761
812
876
940
970
961
892
872
809
745
783
844
954
992
933
965
1022
996
959
880
819
799
813
929
995
990
1005
1007
977
938
889
879
814
855
902
847
932
946
867
880
880
833
833
817
767
812
919
982
936
983
950
930
830
837
904
962
968
941
948
947
970
968
983
946
943
961
939
951
921
946
952
942
980
1004
963
866
861
804
772
758
777
909
863
925
1017
1027
1028
968
922
850
813
804
819
818
978
1060
1041
980
991
994
905
904
916
972
973
863
884
889
857
852