735
691
696
723
777
779
775
790
818
775
798
813
798
760
774
782
757
710
728
729
718
712
712
716
781
855
845
833
785
782
768
734
733
824
900
870
832
811
817
808
764
765
785
794
756
746
757
778
808
825
834
785
753
764
811
837
817
767
741
731
745
792
839
832
804
787
756
763
794
810
820
808
773
761
763
780
818
834
845
826
773
736
739
777
817
839
818
806
766
762
767
814
845
855
820
830
781
758
747
747
766
800
890
872
869
822
826
804
775
763
736
728
724
735
786
842
853
815
831
791
743
713
701
696
721
764
807
853
893
888
881
825
829
801
759
721
700
697
723
809
899
874
852
844
806
772
755
764
764
776
791
817
887
882
845
812
774
742
728
732
745
768
798
826
867
879
864
837
827
794
773
739
723
740
759
757
795
803
814
869
886
859
834
817
771
735
731
721
737
768
821
869
834
825
812
780
735
726
731
737
762
820
858
877
854
823
773
735
728
753
812
822
806
798
817
807
758
756
759
770
776
803
845
876
856
838
820
800
757
724
717
722
745
781
860
896
887
855
824
788
771
769
752
773
825
879
873
827
842
834
801
764
771
771
767
803
896
873
833
817
815
785
752
743
745
750
773
808
882
880
826
805
788
773
757
731
733
744
782
858
863
841
826
785
772
771
773
771
828
862
869
834
837
839
820
790
749
748
750
784
848
892
854
852
840
808
779
766
761
759
762
788
841
869
821
802
784
736
735
731
725
737
757
808
827
847
815
796
753
716
712
720
763
809
833
814
804
752