587
590
602
637
660
683
698
706
704
700
675
631
626
604
598
596
602
620
680
720
702
688
653
630
616
615
608
621
624
628
652
648
660
644
657
650
657
652
647
671
667
641
627
613
603
600
593
588
584
595
602
612
654
668
667
671
655
684
730
715
725
698
654
638
625
617
612
625
673
685
698
712
710
708
693
659
649
640
644
652
647
645
696
696
701
710
711
713
730
747
770
746
735
708
698
707
744
739
719
718
723
717
709
688
670
694
666
679
663
669
644
638
631
626
636
666
666
672
675
665
671
671
675
671
672
674
683
692
699
686
676
658
672
675
688
706
705
700
688
689
653
677
664
648
646
639
633
625
623
622
641
674
668
707
696
697
666
677
671
673
693
688
694
715
734
723
725
712
693
655
661
648
654
646
639
636
663
672
676
667
648
673
661
631
633
622
619
614
625
644
642
646
646
649
620
633
639
630
623
621
618
622
625
628
622
628
631
621
607
602
611
624
642
646
660
698
665
637
633
618
615
608
606
599
597
595
609
626
658
658
663
668
662
636
642
677
641
684
687
693
657
665
649
651
651
690
643
655
681
633
648
647
653
676
635
644
637
639
636
633
632
638
636
627
623
620
619
622
621
620
623
626
619
622
623
627
624
651
613
649
642
640
612
652
638
647
648
644
645
651
662
658
628
639
629
629
629
632
633
633
662
632
639
674
667
669
641
681
666
666
643
646
669
657
634
667
653
652
622
629
653
610
619
630
629
653
628
634
654
633
641
646
677
640
653
685
678
651
660
694
648
655
660
666
663
700
681
649
696
650
661
694
646
652
682
667
665
666
639
672
636
661
626
621
621
627
657
637
642
641
621
610
610
600
604
603
605
624
677
662
659
635
634
638
632
639
638
664
656
678
663
694
676
682
670
666
635
634
627
624
629
627
636
643
675
667
668
667
637
685
680
670
676
651
709
714
729
706
673
674
653
647
637
622
606
609
646
663
686
697
688
689
681
643
652
646
636
613
609
619
650
653
651
628
674
688
696
685
683
693
684
680
652
694
686
688
649
687
682
686
646
648
648
674
623
625
618
619
611
604
605
613
617
649
639
608
622
682
673
667
669
658
633
624
611
607
604
593
599
602
611
612
620
618
615
609
606
605
604
604
609
603
608
611
646
614
620
620
634
675
659
677
681
653
702
688
705
648
653
659
661
671
664
667
733
738
721
752
760
741
721
677
721
656
708
655
670
703
760
768
798
798
823
805
712
701
693
697
667
646
647
672
678
701
743
856
974
909
825
767
735
735
749
739
730
711
700
661
685
708
657
713
695
704
838
837
793
771
751
736
736
731
734
731
682
741
748
768
756
735
679
673
663
710
732
728
721
716
683
730
720
723
738
749
738
716
661
668
658
663
697
707
732
758
753
758
761
732
689
694
690
730
711
706
678
726
672
673
663
659
654
650
653
656
683
654
706
691
690
650
702
707
664
675
683
664
673
690
713
681
679
708
686
661
639
625
610
605
632
682
662
621
654
714
761
782
739
751
713
675
691
685
720
737
755
751
740
713
680
688
736
761
798
784
752
729
694
678
656
654
649
657
673
659
668
724
731
739
731
725
677
689
661
660
660
629
624
628
630
646
648
694
677
648
666
668
698
682
686
688
688
657
708
658
647
632
635
645
681
688
692
661
662
698
686
689
688
658
700
647
699
654
701
681
678
649
662
649
642
632
635
648
686
684
711
698
708
697
662
668
664
699
690
693
650
690
637
640
636
643
681
685
692
694
703
689
663
672
654
650
642
638
636
635
641
651
646
650
648
650
639
637
646
640
632
636
630
622
615
606
598
597
601
596
596
593
590
585
582
592
605
645
641
650
670
670
663
636
681
661
639
647
668
639
666
625
618
746
686
640
608
605
599
594
592
585
585
589
592
587
586
581
574
570
572
580
578
590
606
604
613
640
616
625
662
650
656
623
675
682
725
761
783
743
720
709
712
725
770
790
771
763
725
722
724
754
775
762
745
717
696
737
722
727
736
707
698
726
736
762
755
746
722
702
693
705
721
742
736
704
676
657
668
692
710
665
669
671
710
675
720
669
698
696
739
722
727
714
675
730
713
722
712
688
742
737
735
729
701
742
718
716
686
689
688
716
707
698
674
681
715
709
677
719
672
741
712
667
673
714
700
716
697
664
708
696
707
701
700
696
734
730
707
680
689
707
709
715
692
669
672
699
704
661
658
647
665
689
633
637
677
691
701
660
644
673
695
686
736
751
765
752
738
736
714
707
715
706
708
699
704
718
720
724
704
663
650
657
692
668
677
663
662
700
697
684
663
669
713
729
727
709
687
721
725
739
723
710
719
728
747
714
713
728
743
758
733
719
710
719
738
712
715
729
743
766
739
714
721
686
663
655
636
641
718
732
739
774
824
860
827
764
765
767
796
803
762
789
831
828
799
776
780
785
792
771
766
790
812
812
754
743
750
781
794
768
764
787
793
772
709
826
774
765
723
794
801
810
773
724
817
780
801
767
755
785
839
840
793
722
810
784
782
763
756
814
832
817
793
793
813
815
736
693
688
729
728
693
711
773
764
754
701
764
746
741
695
760
731
747
730
729
747
766
747
739
694
771
743
731
700
763
760
781
762
732
728
735
739
716
688
729
726
720
720
698
771
752
744
690
710
772
753
729
696
697
743
736
722
685
702
694
746
746
734
700
705
734
724
731
715
720
684
752
713
661
658