816
815
847
852
883
861
853
910
812
726
710
709
723
782
818
784
731
729
715
432
316
782
822
741
696
732
803
901
964
961
876
812
783
795
835
792
882
932
926
872
835
825
837
912
867
829
855
876
1022
883
842
812
774
778
768
939
894
1134
939
906
906
912
897
853
905
869
891
882
863
838
892
878
882
854
861
844
849
854
881
810
779
722
834
1180
991
880
789
764
803
784
783
812
847
926
882
979
892
921
868
873
864
822
850
845
860
855
854
850
851
854
858
868
869
866
822
781
811
785
896
943
904
848
813
812
760
764
813
919
988
948
837
817
810
799
783
779
801
761
797
833
861
833
854
814
778
748
761
805
807
822
809
738
712
692
678
710
704
676
652
633
624
623
671
793
903
824
734
733
751
857
1001
912
879
879
812
756
795
796
820
754
770
794
799
819
839
766
722
730
724
741
748
840
852
845
828
766
697
685
717
849
859
894
868
819
834
838
837
812
905
908
813
809
856
846
791
829
793
764
804
880
885
869
889
861
797
818
830
837
906
953
867
893
914
892
867
914
901
861
902
870
838
835
886
844
815
869
868
834
855
845
834
808
850
856
820
853
870
876
848
909
901
842
884
884
879
855
916
907
853
895
897
909
858
904
932
858
901
928
891
865
924
961
883
896
900
877
864
859
871
832
793
743
684
656
656
702
736
808
835
786
785
793
816
781
814
857
828
756
749
747
752
758
839
866
815
844
938
954
850
851
843
805
823
897
941
831
862
912
852
911
836
878
949
911
819
846
858
834
835
919
933
868
925
952
910
891
933
958
854
869
907
906
882
846
860
911
869
890
934
868
813
863
872
831
835
895
915
818
865
847
855
811
848
849
830
773
775
802
918
869
812
825
866
871
813
885
936
948
853
887
915
876
848
906
928
850
977
1095
937
935
909
885
828
883
1007
859
938
909
858
851
841
786
770
885
1033
938
949
941
871
889
917
884
888
922
930
882
884
884
923
863
917
935
896
894
906
937
885
891
896
902
873
896
890
883
847
887
893
866
865
908
914
846
865
896
883
839
918
947
909
898
930
917
873
907
914
881
883
941
898
865
952
950
916
819
806
750
774
812
777
797
811
805
779
807
824
807
785
850
867
826
829
971
1114
933
863
879
894
861
1216
1039
966
1015
1005
948
903
886
880
848
975
963
918
896
949
915
857
880
909
877
884
929
958
892
919
930
874
883
938
916
882
945
948
887
927
916
870
883
900
904
876
922
923
883
872
934
916
853
889
889
865
863
906
905
893
900
929
893
846
878
871
854
839
888
912
871
840
859
816
763
694
661
676
737
798
782
766
768
740
697
669
648
647
664
737
837
779
786
811
838
805
798
798
811