1071
1032
1037
1021
1037
1074
1025
1091
1081
1049
1100
1042
983
1001
890
789
779
1156
1074
1026
1132
1092
1036
1054
1026
973
1010
993
938
981
996
962
1019
1024
984
984
994
931
916
870
834
809
866
1056
955
1002
999
935
977
940
917
968
943
943
970
925
928
940
934
900
965
981
941
963
975
902
854
742
787
963
1006
1063
1024
942
978
984
924
963
944
842
785
729
979
1021
1032
1086
1010
1011
1017
995
972
1027
1037
1002
1066
1090
981
1019
1015
958
1032
1057
993
1071
1133
1028
1060
1013
980
1045
1008
1006
1061
1000
1025
1035
980
1023
1046
969
1003
940
889
845
845
840
895
912
848
839
856
857
823
765
751
719
684
660
673
1052
1048
1050
982
995
994
985
926
942
951
938
900
920
943
957
919
969
940
876
810
874
1057
997
979
956
913
951
955
918
940
979
974
944
990
997
940
951
965
932
914
960
967
919
964
973
927
998
1003
949
990
1003
963
1010
1027
990
1101
1163
1028
1068
1045
987
1059
1042
978
1032
1033
950
1018
1025
969
1032
1037
969
1040
1030
977
1048
979
979
1017
979
1010
1038
957
972
1011
1000
970
1049
1075
999
1037
1055
1023
1024
998
984
1007
871
899
953
878
955
1013
963
994
996
926
992
980
949
1031
1020
978
1000
943
984
958
896
864
833
1075
1005
990
988
982
1006
978
982
1041
968
948