532
541
540
563
569
559
588
601
633
601
564
555
546
537
541
529
521
516
530
598
610
559
541
548
575
583
553
537
547
582
614
575
547
535
550
625
865
693
602
571
556
551
607
866
672
612
654
773
763
690
604
591
580
622
839
734
722
628
595
596
620
659
775
667
606
613
654
685
642
635
662
776
710
630
629
665
704
645
616
611
633
633
609
623
652
750
633
592
597
634
652
407
803
613
351
806
592
567
574
857
879
770
653
681
802
814
746
659
617
616
639
697
869
715
641
621
646
728
758
674
678
739
725
681
642
642
675
690
656
625
675
703
728
686
628
637
629
641
614
600
604
630
646
630
645
788
755
678
619
634
650
651
621
605
614
664
777
694
657
677
717
737
651
655
687
687
656
622
633
647
691
652
600
590
591
604
608
597
581
607
687
715
620
595
598
619
618
592
590
595
621
651
600
576
565
577
596
589
575
576
596
624
611
589
595
614
648
633
601
607
631
642
630
590
574
586
604
624
605
603
626
716
722
610
597
618
641
632
594
584
600
636
655
621
611
612
387
811
588
587
580
609
693
682
643
695
754
645
426
820
645
607
590
603
609
638
646
613
612
636
675
646
611
615
617
608
588
580
589
620
629
605
602
601
591
570
548
535
529
529
563
598
579
581
643
790
698
625
603
611
615
604
603
624
669
746
628
599
618
640
630
590
592
611
654
670
393
775
604
599
593
579
587
615
699
669
629
668
685
664
617
608
598
602
593
583
576
591
619
611
577
570
582
599
627
600
578
589
619
670
630
591
581
591
603
359
742
562
564
579
662
712
652
678
692
714
652
614
675
683
385
768
579
565
573
601
587
583
608
817
761
677
657
666
676
646
620
672
663
641
597
596
622
649
739
681
632
601
648
651
632
590
639
642
678
662
611
604
611
609
588
585
604
643
649
622
598
604
630
604
571
547
533
530
578
711
682
661
658
641
573
565
572
595
635
672
636
603
610
633
571