731
746
778
836
840
814
771
756
732
691
2630
690
763
739
895
915
901
962
1070
1916
4190
871
606
405
337
508
282
735
365
646
435
574
639
369
370
645
508
504
673
341
278
503
279
456
314
991
406
310
327
1059
1020
1021
1065
1104
1118
879
288
414
397
3340
819
1006
980
947
978
993
979
980
1024
1044
1011
1043
1060
1064
1024
1040
1060
1061
1018
1056
1070
1061
1017
1018
1052
1059
1005
1011
1064
1079
1033
1046
1070
1048
1030
1059
1057
1002
1029
1066
1111
1039
1037
1048
1058
1054
1060
1069
1067
1029
948
921
954
1004
1088
1065
1053
1109
1130
1120
1032
1059
1086
1079
1066
1013
1019
1042
1063
1063
1025
1087
1095
1070
1020
1052
1070
1086
1043
1057
1064
1083
1056
1029
1063
1064
1043
1009
1053
1078
1062
1023
990
1032
1058
1038
1003
1013
1054
1063
1057
1004
1022
1003
1017
948
979
1004
1030
988
1022
1043
1042
965
1007
1003
961
908
923
931
916
908
905
957
981
1008
969
1013
1033
1030
992
1018
1048
1059
1010
1053
1060
1078
1062
1092
1084
1052
1066
1083
1034
988
1035
1058
1077
1049
1065
1069
1090
1063
1002
1030
1063
1068
1034
1019
1037
1041
1017
940
968
990
1005
948
954
996
1049
1062
1021
1008
1028
1016
1030
986
984
1010
1039
1049
1013
1023
1063
1072
1047