696
712
710
730
739
754
734
723
707
688
676
673
673
672
688
695
713
708
719
712
711
720
706
688
688
681
667
653
641
648
665
673
697
723
724
734
721
723
709
699
688
681
673
664
665
661
681
704
730
735
740
734
727
734
722
727
733
726
711
729
727
722
728
730
749
756
745
752
728
715
711
717
728
744
745
754
728
724
718
715
706
699
705
713
709
717
736
744
564
902
733
706
699
688
689
694
691
704
701
701
703
700
698
706
712
689
687
676
665
663
663
663
660
661
649
636
637
642
652
669
672
683
684
674
680
677
678
690
708
725
753
741
763
752
745
717
702
697
693
681
686
694
697
702
729
748
799
829
834
784
808
813
788
754
761
749
746
754
781
772
755
736
723
725
714
714
697
679
672
682
698
697
726
734
735
729
708
693
682
659
643
629
614
612
626
635
651
663
645
639
668
702
750
732
725
806
819
803
774
761
754
728
706
691
687
692
697
711
729
754
753
732
730
737
732
716
729
714
709
719
711
713
720
717
711
724
728
724
733
722
703
700
687
680
681
689
709
718
728
737
741
752
745
732
730
729
719
719
715
706
698
706
703
697
712
718
715
706
708
712
689
686
672
662
656
646
636
630
636
639
655
670
677
690
690
687
678
681
681
669
664
674
682
692
698
722
729
746
738
737
728
718
721
725
713
705
721
726
738
733
745
741
737
730
712
708
692
683
664
655
659
665
668
682
687
704
694
691
693
687
690
682
688
691
699
691
704
713
708
704
690
702
706
717
722
720
727
712
691
680
674
669
661
649
646
644
648
662
672
681
704
706
695
680
668
669
670
665
689
699
695
694
708
702
704
697
693
691
697
687
695
701
693
693
729
737
752
731
722
702
694
682
684
685
708
704
713
718
716
712
713
703
690
679
676
672
669
679
674
681
688
700
694
703
704
719
705
713
704
709
709
712
729
738
736
746
745
763
761
758
760
751
718
708
684
667
648
645
664
679
711
742
768
759
766
781
750
732
731
724
695
680
684
704
698
708
719
754
760
759
740
742
736
737
725
738
746
747
726
739
738
720
742
739
717
723
720
717
720
735
741
746
733
716
713
704
688
692
689
693
720
708
722
711
717
701
692
688
686
688
696
717
740
746
741
738
725
729
723
716
716
699
693
695
704
717
707
700
702
705
708
706
708
710
724
720
714
702
695
684
676
675
682
694
696
707
696
700
682
666
650
635
618
609
605
599
590
589
593
606
615
631
636
652
669
692
711
728
729
703
687
670
664
647
637
629
618
608
610
610
616
619
635
647
660
681
692
694
692
676
680
682
685
699
723
729
715
718
708
709
706
699
709
711
708
719
711
712
701
704
704
718
710
710
725
720
723
710
701
696
694
685
677
669
672
678
677
673
675
681
700
709
703
707
703
691
688
680
675
670
672
675
661
650
661
674
695
714
732
730
728
715
716
693
686
687
688
686
696
692
705
714
703
676
664
659
661
669
674
677
674
678
682
697
702
684
688
697
692
691
687
695
709
714
714
710
711
714
708
704
705
703
706
703
719
721
729
721
721
710
696
685
672
656
641
646
650
658
674
686
685
686
683
683
688
700
707
713
709
725
744
742
729
740
762
744
722
712
702
701
699
702
715
729
740
741
749
762
769
754
744
759
747
755
765
776
765
741
730
723
718
707
711
716
730
738
741
748
732
744
719
703
691
692
694
696
697
706
704
707
710
714
740
718
716
719
715
708
704
703
705
721
711
723
736
745
737
732
727
734
729
742
709
703
703
709
721
732
728
731
731
715
724
693
686
685
674
665
661
659
659
670
681
686
671
645
646
656
656
658
660
674
658
657
653
651
640
637
634
637
641
654
692
734
734
741
771
797
784
764
765
771
758
773
784
772
759
733
744
739
723
721
729
730
745
761
751
742
740
752
742
715
713
702
692
694
694
693
699
706
718
729
730
733
738
742
734
761
757
749
763
752
769
765
771
769
769
784
770
771
783
775
770
769
785
778
756
760
761
753
744
742
749
733
744
763
761
761
765
772
729
729
737
734
725
737
754
755
745
748
754
737
735
742
757
770
752
755
757
746
743
747
744
743
733
739
737
747
758
781
795
796
784
767
763
747
738
721
715
702
696
688
688
689
687
681
696
709
715
717
729
729
742
760
774
771
750
754
759
774
768
791
802
824
767
757
743
737
730
729
729
743
750
768
777
786
802
801
779
771
752
735
728
732
748
746
775
776
781
772
796
780
738
716
693
689
688
690
703
714
730
728
733
742
762
767
771
769
751
747
738
727
716
708
713
705
704
716
747
753
757
777
782
785
774
763
758
763
763
743
738
741
729
716
715
729
748
772
762
755
762
761
761
749
753
747
748
748
745
747
759
761
751
745
758
749
747
749
754
752
746
739
735
731
727
721
728
722
717
712
696
708
709
716
719
718
718
717
727
719
718
724
719
711
714
713
706
697
696
696
688
687
682
674
672
672
679
683
680
685
678
676
686
685
704
734
742
737
733
744
747
741
741
746
757
752
753
741
741
721
721
722
726
717
720
726
724
724
722
726
708
712
724
743
763
760
749
758
756
758
765
785
794
789
793
801
810
808
817
800
775
757
765
758
747
771
716
688
690
697
694
712
709
729
700
694