823
975
1040
1009
1014
1016
962
754
729
672
673
633
692
1172
883
989
1106
919
1005
1033
847
833
1061
831
781
1120
979
853
1107
1110
914
884
1057
940
894
1041
881
798
875
974
965
905
1033
1020
1006
1022
973
1006
950
772
714
701
1195
1068
1107
1057
996
918
900
926
747
751
891
1250
1105
979
1098
1041
868
1002
1043
876
1055
1122
999
1052
1108
905
787
1106
933
1061
940
1089
1179
1148
910
817
1049
1074
1110
936
754
813
1179
1122
912
818
1071
1150
1061
860
847
957
1090
908
878
933
862
1030
1032
950
795
788
920
1094
959
1091
1084
1054
957
1004
945
846
916
1107
865
790
763
809
1212
1158
1047
1094
1050
975
762
716
722
1088
1159
1056
976
834
989
1056
1028
954
765
688
707
1147
1166
1158
1071
1021
801
773
868
745
720
769
1055
1105
1028
1075
956
1010
1007
998
943
751
748
787
745
1127
1169
962
904
1001
783
791
1067
962
1008
864
968
1048
1014
835
760
752
702
701
804
735
864
1048
934
950
977
832
794
931
1062
906
974
1044
956
970
948
836
944
951
861
995
860
1063
1057
829
763
869
1095
825
826
980
1047
1072
859
772
791
1130
1000
875
880
983
794
785
1157
1002
978
1031
854
937
985
890
812
1051
1113
996
859
861
941
771
721
763
731
768
1151
1267
1225
1172
1136
1094
1020
999
854
729
716
1124
1101
968
922
1044
1059
1044
794
710
697
1303
1188
1185
1142
1088
1055
840
828
1180
1153
974
1037
1033
968
942
939
965
839
733
737
1188
1109
1040
856
875
1029
1028
989
871
927
1069
1037
831
730
774
1125
1067
992
1053
1048
908
767
746
693
707
770
897
1037
936
783
812
941
824
851
1056
1019
885
920
984
929
848
962
1002
887
990
877
856
1036
1029
930
1030
1093
933
878
852
872
793
737
702
746
701
704
1156
1099
1039
979
799
701
686
690
1174
1095
843
959
1063
1097
1043
924
775
803
1129
1072
932
1026
943
1020
1077
935
1049
1103
923
1018
1078
918
1094
1049
1025
904
820
866
1009
946
814
759
902
761
723
701
1077
1008
877
864
936
1000
943
788
749
725
1120
881
1024
1066
944
801
964
1092
1040
893
947
995
941
968
1024
1104
1038
1009
1056
1063
934
889
944
924
906
1100
1121
1063
881
770
793
935
1095
1062
1024
817
721
734
732
812
1154
994
1124
1089
915
780
717
771
961
903
820
731
760
1064
914
791
868
916
1004
1005
864
853
920
802
990
900
769
823
923
853
730
712
686
756
760
755
1026
1034
848
852
1000
892
794
972
985
794
820
816
1093
899
801
957
906
801
916
1113
958
1046
968
948
993
1000
975
826
775
812
983
1051
819
724
726
1083
895
820
877
909
960
939
763
732
705
788
762
771
863
1020
886
828
858
1031
910
853
934
758
701
1314
1148
1092
951
1072
1115
1094
1055
1018
930
1098
1083
1096
1055
972
1025
1020
1008
947
912
917
874
766
793
842
746
749
735
808
942
966
860
775
713
734
885
928
821
761
812
999
1112
1055
920
743
687
672
1224
1125
1075
1016
984
969
861
814
956
1035
993
905
841
763
764
827
813
977
856
765
744
714
713
732
708
677
676
646
641
636
620
622
619
635
671
694
715
676
678
705
1093
1066
1040
1021
948
805
793
983
1036
1025
899
759
732
920
1178
1059
948
1048
1052
835
742
959
1158
860
855
1071
882
888
1120
1048
784
704
708
1394
1192
1140
1117
1096
862
774
840
1160
1123
979
855
801
1117
1221
1184
1127
1006
809
896
1155
1125
873
763
779
1216
1181
1135
1108
854
743
720
720
906
1211
1178
1159
1071
933
754
691
662
640
635
1300
1236
1197
1174
1175
1111
819
742
731
1220
1237
1221
1147
1145
1121
992
775
717
699
1313
1271
1194
1173
1118
1019
788
726
719
1306
1197
1141
1118
1069
818
729
698
744
1302
1174
1168
1106
1049
884
736
696
689
1219
1168
1130
1104
1089
1010
775
713
689
768
1260
1190
1157
1100
904
755
712
707
1196
1131
1133
1102
1056
894
742
690
668
715
1313
1166
1139
1111
933
767
716
718
1189
1160
1151
1140
1058
839
730
691
682
1366
1194
1163
1145
1044
802
723
706
772
1231
1171
1150
1088
1031
833
725
682
666
1229
1155
1117
1113
1094
1061
812
724
702
771
1306
1184
1154
1091
1042
788
717
689
836
1313
1197
1162
1136
938
764
711
719
1258
1214
1170
1100
1057
1009
773
709
672
687
1204
1142
1133
1107
1057
834
729
702
776
1190
1174