787
886
882
930
844
792
813
887
973
851
761
729
837
987
850
828
974
1133
973
1021
997
765
765
928
827
837
886
1127
983
822
854
898
847
802
828
884
934
972
890
854
899
953
931
865
885
879
891
904
877
837
873
843
819
847
872
813
823
894
929
850
845
897
929
969
925
844
808
854
936
1083
959
808
830
877
1014
994
850
881
1019
1115
941
878
933
1003
853
812
861
969
1015
864
835
912
1032
1046
922
813
833
902
1011
1090
958
844
890
913
927
857
851
913
955
928
848
891
986
1000
886
820
854
919
1000
870
868
1013
1185
1031
868
874
927
935
852
821
882
1155
1099
920
836
869
917
1039
926
843
870
936
1148
1027
895
1014
1058
1024
941
847
983
1082
991
925
996
1043
936
861
934
1037
1011
908
897
962
1013
973
824
893
989
1021
961
842
888
1007
902
842
987
1061
928
903
1005
1002
933
847
920
1036
945
902
1009
1031
941
869
1018
1053
1020
904
857
1000
1035
952
879
962
1030
979
879
780
799
1105
982
835
839
1068
993
847
868
1057
1005
952
796
834
1031
957
814
808
952
1069
865
774
788
893
953
861
813
857
901
914
817
822
852
861
804
791
863
971
861
862
883
899
813
809
835
842
791
839
955
914
820
845
895
882
813
846
923
1004
862
837
893
989
918
828
896
880
835
933
874
882
987
889
887
959
1038
868
848
911
982
860
948
896
829
871