796
813
760
789
799
771
771
776
714
673
667
728
811
815
789
709
678
681
675
704
718
742
712
727
728
752
706
679
624
594
587
581
611
719
753
745
702
644
619
594
584
587
598
621
635
810
832
759
771
769
688
649
682
765
747
746
730
743
674
658
659
650
650
666
643
626
601
593
585
596
607
629
594
576
568
559
560
571
577
594
612
658
686
704
751
757
751
730
720
733
740
732
764
752
747
688
678
677
661
648
624
631
679
758
759
778
768
788
756
769
794
802
765
781
788
712
688
659
701
815
821
755
748
794
813
812
801
803
812
790
699
690
671
702
777
771
784
794
749
700
703
684
642
638
639
670
750
774
798
813
822
835
845
835
836
804
750
715
751
807
846
848
843
842
819
786
724
689
680
733
753
709
692
725
789
830
836
810
743
679
661
661
676
706
750
774
811
803
772
797
755
787
771
710
688
696
720
748
766
748
770
780
747
697
756
775
738
726
736
697
712
659
690
697
722
750
726
700
677
676
654
641
655
671
690
747
731
758
704
738
736
715
751
712
760
742
760
757
729
674
691
717
743
713
762
719
672
657
696
800
755
689
665
665
685
735
754
758
698
687
724
746
713
663
658
663
688
718
761
777
793
787
775
791
773
761
769
742
708
729
764
814
795
811
781
778
689
670
661
658
695
747
736
747
699
660
664
681
652
653
638
629
637
649
693
717
747
781
758
735
711
648
638
636
678
840
826
678
636
631
653
732
743
764
794
823
833
850
798
726
734
765
780
759
723
688
680
728
811
833
831
821
829
826
822
827
821
839
798
761
727
712
744
823
890
858
851
845
825
816
812
785
751
731
706
719
777
854
860
841
830
838
840
833
824
804
807
778
749
713
690
697
762
818
831
834
824
816
810
796
796
778
755
720
708
691
690
742
852
899
873
650
772
821
813