1046
989
938
938
956
937
946
965
945
847
794
773
843
1003
990
1006
1008
966
901
806
695
757
684
1187
950
959
973
935
930
973
953
881
902
950
917
859
773
733
1127
992
1038
1028
959
987
975
910
973
1021
977
1007
1019
972
997
1044
1010
988
1040
1000
935
1003
1039
993
1044
1030
943
984
986
896
951
1028
956
857
744
696
1153
979
1055
1048
988
1024
984
888
863
879
854
924
1184
1083
1055
1051
966
960
986
998
1056
1063
935
984
980
918
996
993
925
955
998
880
847
890
1012
980
939
970
965
895
948
950
875
923
967
904
813
693
669
1146
934
983
1032
958
953
974
921
866
926
960
888
904
991
995
953
1015
1035
938
971
1005
938
936
969
937
861
887
980
1011
947
968
984
889
912
959
891
949
980
926
979
993
919
943
926
810
777
672
783
1179
1043
1068
989
985
978
896
859
916
995
953
1032
1059
983
1006
998
955
1030
1033
958
1010
1029
914
938
990
959
915
985
1043
992
965
1023
1014
941
916
926
859
791
750
825
816
1120
1071
999
965
977
952
894
937
976
954
958
1052
1060
1028
1082
1059
1021
1053
1013
983
1013
1013
962
1007
1036
976
1025
1052
984
997
1010
920
871
827
854
833
901
1199
1042
1045
975
815
783
804
794
771
838
1247
1080
1126
1040
859
799
839
792
786
827
1183
960
799
819
940
1037
1071
1047
952
1021
1063
906
864
1151
1018
934
1079
1079
950
962
971
900
950
1006
982
925
928
850
688
655
888
1130
984
997
1026
919
842
834
875
843
1195
1124
1030
1077
1077
961
854
816
804
844
1182
1096
1047
1076
1040
799
705
677
1232
1133
1112
1080
1044
939
852
849
792
976
1021
1056
1093
1021
957
910
798
770
781