790
809
830
839
870
911
858
867
861
880
870
852
842
799
823
847
813
873
885
847
862
841
826
836
823
804
831
842
837
893
896
925
877
888
846
832
813
805
776
795
792
785
745
759
849
954
971
978
958
960
911
885
903
864
805
847
890
859
883
882
817
857
887
905
929
918
896
815
828
842
856
858
900
920
914
937
910
882
885
869
839
838
849
831
836
837
848
810
796
781
784
796
833
868
906
868
897
885
856
846
828
820
850
900
894
885
896
893
885
880
822
829
831
822
882
921
900
951
948
933
938
950
933
852
854
882
885
843
900
916
902
950
960
965
952
889
893
887
895
914
932
914
942
904
914
874
817
771
785
809
841
869
885
839
876
887
874
894
888
885
837
900
953
928
886
866
858
858
857
826
820
850
890
856
885
944
900
900
894
864
869
868
866
883
917
922
918
912
871
894
906
901
922
918
873
828
860
877
880
906
925
918
918
910
863
871
880
860
912
938
907
935
923
890
896
892
863
881
889
864
890
920
896
895
893
896
882
892
875
894
904
856
889
898
884
918
936
907
930
896
882
889
857
896
962
849
917
941
897
869
857
798
820
849
819
887
922
863
929
969
961
913
887
818
816
809
792
832
839
856
826
854
904
909
899
896
835
864
895
873
892
916
904
961
981
1003
973
953
911
907
896
802
769
840
979
1023
1039
1008
1052
1076
1051
987
960
945
929
979
997
989
998
1022
1019
970
982
990
948
937
958
955
932
962
944
936
977
1005
964
976
992
967
961
921
925
928
904
926
960
922
957
959
947
930
844
794
788
772
778
780
805
835
849
899
923
874
888
921
917
835
849
838
837
896
946
913
933
928
922
938
927
902
825
819
822
872
906
954
871
915
923
881
892
907
917
861
854
868
893
912
926
932
900
932
918
861
893
924
897
860
874
863
801
854
865
800
790
836
881
926
905
924
917
947
939
938
936
864
898
933
951
976
874
910
930
951
922
949
952
946
945
958
945
982
1013
988
1009
962
958
947
939
898
946
936
967
1001
929
940
887
893
885
871
840
846
853
835
876
921
899
910
937
862
841
844
831
807
816
824
860
871
890
871
860
828
809
817
835
827
862
853
839
860
830
808
777
772
806
811
842
851
859
870
865
867
848
818
810
837
892
876
882
899
868
881
862
861
876
819
829
828
815
861
897
870
896
923
890
886
907
869
857
880
880
885
940
975
931
938
912
896
902
910
894
925
928
914
927
891
922
886
901
879
886
906
887
874
909
899
921
912
931
942
904
890
887
862
909
932
870
893
930
919
861
895
929
896
897
903
896
955
938
881
902
938
907
914
901
862
894
919
901
967
967
927
944
920
892
888
894
883
922
961
932
961
985
922
854
884
880
827
844
875
854
850
892
934
932
911
913
926
902
859
860
880
844
896
951
958
966
924
938
935
910
923
896
921
940
889
851
851
798
796
813
813
745
708
813
893
950
966
942
885
901
851
844
800
837
834
792
760
734
749
765
779
827
818
903
934
935
903
908
869
815
823
830
834
844
863
819
820
813
789
794
783
767
771
768
759
724
714
702
688
682
692
780
877
960
1054
1061
1064
1036
1009
1030
1041
1001
1013
934
926
940
962
923
967
1003
1028
974
1023
940
851
798
759
739
746
800
922
982
960
948
1010
994
937
962
914
895
902
947
928
946
1010
1015
1006
1037
1016
955
989
1001
994
974
972
895
921
932
924
905
966
991
977
961
970
947
890
906
899
889
867
893
874
899
890
931
932
945
868
847
821
809
818
906
944
957
989
1016
987
927
914
903
847
859
871
895
904
956
978
959
955
962
949
887
917
956
948
938
998
1018
984
979
990
979
959
978
990
964
960
962
950
976
986
979
962
991
992
934
937
945
878
831
799
763
781
796
894
1015
1043
1045
1068
1036
973
991
1003
975
979
964
939
855
895
924
947
837
778
807
785
760
766
906
1028
1037
1110
1105
1071
1032
1050
1043
1027
987
1001
1017
1017
977
1005
981
955
923
963
983
983
922
920
886
886
870
913
922
950
906
926
919
913
871
888
901
903
887
906
902
861
872
879
879
877
914
919
896
921
938
899
874
864
853
821
857
904
903
932
939
926
959
963
958
973
954
909
942
951
918
939
894
883
861