764
779
811
809
804
806
813
784
762
766
767
771
757
741
743
738
743
743
731
752
764
752
747
751
752
744
738
751
752
771
809
804
813
826
809
779
765
762
757
756
755
742
739
738
737
732
721
719
713
713
712
730
746
736
736
732
725
718
704
699
700
700
709
729
726
726
716
728
739
749
736
725
737
725
728
735
727
724
725
724
730
738
727
729
730
736
740
730
736
734
735
730
733
731
728
736
745
748
743
747
740
741
742
727
732
726
722
723
721
726
728
730
739
735
727
733
727
716
714
714
710
700
702
717
726
710
705
708
699
693
687
674
669
668
673
688
712
720
720
734
758
753
735
717
737
729
740
746
729
734
735
747
759
738
731
743
737
748
749
735
737
729
746
766
768
731
738
729
727
730
745
740
739
743
750
752
756
750
734
735
741
747
756
732
725
723
723
718
713
703
693
688
691
709
739
742
729
733
729
729
714
705
708
710
715
736
755
744
732
729
723
724
710
705
715
733
760
754
743
741
735
730
725
728
720
721
723
724
736
752
770
744
749
749
751
752
746
733
746
738
731
724
724
730
726
728
730
729
726
723
726
737
728
727
729
726
734
723
723
718
714
718
728
724
737
756
759
747
734
732
728
725
731
725
724
731
733
733
739
735
729
730
736
737
748
759
757
745
746
742
745
752
757
750
748
756
756
761
754
736
729
728
716
722
723
712
715
716
708
722
733
740
737
736
732
729
734
737
736
721
720
719
708
706
703
716
723
724
711
714
721
739
730
715
709
710
700
699
697
697
694
694
708
734
741
733
729
723
723
733
750
748
743
738
734
742
739
724
729
732