716
719
729
784
770
806
752
717
690
683
698
764
792
779
723
694
694
670
650
604
604
628
721
912
906
910
863
791
712
695
725
793
915
950
928
828
756
779
799
837
825
774
759
740
798
880
858
848
776
749
766
779
805
826
838
789
761
843
820
794
781
725
751
788
850
836
767
746
779
837
813
823
735
716
672
699
872
793
731
761
830
871
845
822
734
692
693
685
771
885
834
782
817
820
824
794
746
775
813
813
846
760
747
758
811
848
898
800
750
781
809
802
732
726
744
772
813
803
743
738
782
793
776
755
698
686
669
646
634
624
609
623
940
1014
976
917
855
818
807
739
767
737
705
715
718
756
809
819
789
768
680
649
678
720
716
705
680
725
833
765
780
767
706
686
706
771
809
828
781
785
813
793
769
727
708
696
761
834
850
823
751
701
693
714
692
679
650
628
634
624
629
643
358
334
682
676
716
736
761
773
809
817
805
740
685
649
640
646
665
740
834
882
915
925
848
728
675
688
748
845
877
907
845
753
710
717
746
862
866
837
767
704
675
671
745
920
878
809
793
844
868
838
811
751
722
744
753
762
770
737
744
759
782
818
772
757
770
768
730
708
717
685
657
630
632
657
693
798
993
971
888
799
783
747
775
735
712
724
796
881
843
785
726
746
768
783
804
768
784
806
801
762
723
737
777
789
802
767
784
777
808
791
754
730
725
711
702
656
657
765
745
707
733
781
797
801
758
719
713
729
747
774
756
762
747
802
797
845
785
727
722
764
750
799
790
735
787
802
855
778
738
734
811
822
828
733