714
754
853
891
892
882
791
771
738
704
693
668
642
656
674
719
743
685
670
658
646
636
630
622
621
622
626
619
617
618
615
612
629
636
651
641
621
625
606
604
602
597
613
621
643
660
646
639
646
649
649
645
635
617
608
599
589
591
609
629
683
715
753
730
694
677
660
628
628
625
632
640
645
653
674
726
742
751
744
708
678
661
659
655
671
694
727
734
742
760
751
757
739
717
720
712
708
709
688
670
669
682
728
728
767
760
771
773
753
738
695
681
657
649
650
660
677
696
724
792
752
753
738
746
752
729
686
681
663
655
656
667
688
692
704
701
709
717
735
706
703
709
699
685
664
653
646
628
641
660
696
749
787
809
804
761
725
719
666
677
668
676
681
688
701
688
697
677
672
686
695
695
694
685
672
659
656
673
679
663
673
676
687
685
678
673
669
666
659
659
653
654
670
690
675
681
677
687
689
676
672
665
665
661
654
647
646
650
640
645
668
687
688
684
668
646
627
603
602
585
576
577
579
582
578
584
590
591
604
618
636
628
634
636
632
640
645
657
690
688
710
716
696
658
654
636
621
609
600
606
623
648
678
792
785
792
787
696
719
688
688
672
648
646
648
657
692
757
781
791
765
747
692
682
664
648
643
646
685
753
718
729
746
742
700
699
679
664
651
646
663
669
668
642
640
645
678
707
747
749
753
727
697
674
648
646
639
635
634
649
657
754
806
815
815
787
713
704
658
636
618
602
612
679
839
852
825
804
808
794
757
764
688
699
723
713
711
674
668
662
679
693
751
753
768
770
728
702
719
691
664
636
643
621
635
638
635
655
722
780
787
768
754
715
686
681
668
659
658
651
660
687
715
702
744
748
744
730
726
710
694
679
648
640
630
622
650
688
762
828
761
749
707
700
696
693
686
690
688
674
655
642
624
616
612
622
644
672
692
676
711
691
685
693
701
717
733
744
764
755
750
729
713
714
721
723
721
706
690
668
658
649
668
714
809
800
742
763
755
762
748
724
712
678
687
667
664
661
662
656
660
652
635
631
628
635
647
673
701
729
736
707
676
663
658
646
643
640
645
636
652
659
664
668
682
718
737
730
710
689
656
642
642
644
651
666
686
688
685
680
677
655
654
633
629
631
621
621
630
648
653
671
668
678
664
654
643
642
629
625
634
629
650
672
727
777
796
795
776
737
708
686
657
646
642
640
638
678
767
807
812
742
750
731
702
696
679
664
657
651
664
668
683
674
690
688
682
681
673
668
656
642
643
652
658
671
685
712
728
723
701
680
665
652
645
639
635
632
630
639
648
661
681
692
690
706
709
700
687
665
651
636
634
631
638
646
647
678
696
733
726
700
683
672
658
641
641
634
631
618
625
626
639
658
667
661
680
680
685
682
675
668
669
656
649
646
653
662
659
666
676
721
764
791
764
747
721
691
681
656
645
636
635
639
659
656
670
692
723
725
716
695
675
667
651
631
635
646
664
676
694
719
726
694
693
678
672
662
651
642
630
620
613
607
615
618
636
650
657
653
647
629
607
607
609
622
635
640
651
633
616
618
633
652
665
700
737
734
726
668
671
653
644
649
654
674
689
688
700
691
682
680
655
647
645
650
654
660
676
666
660
659
652
642
640
645
651
677
691
693
680
660
646
639
640
639
627
664
708
729
740
740
720
699
689
669
665
655
646
643
623
632
650
728
751
777
718
717
692
685
674
649
641
635
636
636
659
669
680
693
691
675
658
637
631
633
638
643
646
652
638
640
632
641
655
663
655
662
673
690
689
691
664
654
649
647
649
661
682
697
685
689
679
675
662
662
661
670
670
675
687
666
646
632
624
623
635
642
624
639
657
682
701
727
720
686
678
667
654
645
630
622
610
604
606
617
632
643
650
670
695
707
700
688
685
683
682
705
692
698
758
794
774
769
771
744
743
729
719
709
716
736
831
867
874
849
834
827
781
749
723
730
725
745
771
769
783
839
833
834
795
756
746
726
710
701
704
704
740
803
868
865
814
823
807
790
744
718
701
697
693
725
789
792
764
792
782
771
757
736
755
785
848
820
798
779
775
756
755
745
729
736
739
765
783
758
745
752
745
742
749
742
720
721
718
736
738
730
751
757
771
764
756
742
753
748
747
736
720
720
719
735
771
812
807
776
753
743
731
742
743
766
789
791
806
784
792
781
756
752
755
763
776
825
829
811
776
785
788
806
806
778
756
752
742
745
726
720
733
746
762
754
745
770
756
755
720
720
746
729
732
701
719
742
746
768
745
737
736
741
734
737
714
713
730
717
721
751
745
745
756
747
740
722
707
718
710
719
723
720
720
733
729
740
733
714
729
736
723
729
703
696
702
710
716
739
740
729
718
727
724
726
730
725
717
724
717
732
732
721
710
711
716
718
718
713
729
743
766
758
746
734
747
718
720
717
724
748
778
817
791
757
754
730
715
703
696
706
729
765
802
808
775
765
769
769
777
759
738
735
731
736
753
761
755
749
754
765
751
731
733
733
745
792
812
782
788
798
792
777
755
763
761
766
757
743
761
783
816
822
787
759
757
749
747
742
736
742
741
755
766
752
754
763
766
753
734
726
734
733
738
734
729
729
728
741
744
736
726
734
728
726
713
712
725
727
732
734
726
748
741
739
742
723
719
727
731
753
762
739
734
731
727
729
745
745
759