760
760
774
835
876
818
801
835
885
938
887
847
810
748
718
767
827
861
790
802
746
823
859
815
776
759
721
712
738
744
773
756
795
750
786
776
739
760
729
696
768
809
761
738
814
854
848
770
834
852
843
817
791
729
702
724
741
748
764
746
834
852
837
774
723
707
714
727
852
865
847
834
900
859
812
780
745
723
749
808
799
771
870
896
854
807
773
785
792
762
736
704
761
871
941
914
814
795
816
837
845
812
766
783
770
737
721
745
827
842
797
847
781
757
724
696
685
697
753
816
844
849
787
889
862
799
822
860
855
848
772
792
801
844
789
799
860
866
833
808
852
811
814
755
711
688
671
668
667
680
692
773
772
838
894
860
767
813
859
780
767
774
756
792
825
818
815
785
773
832
804
752
797
852
792
808
715
700
727
833
886
879
862
799
734
774
814
834
800
728
709
791
949
917
893
873
801
760
700
686
715
841
926
913
892
893
778
820
876
883
768
805
849
888
879
817
730
774
815
817
830
801
814
780
750
736
788
877
930
935
925
893
836
768
814
829
876
899
823
853
906
882
817
801
838
850
830
814
855
861
801
825
836
866
815
828
780
776
839
783
814
801
801
754
717
688
666
655
651
656
672
693
687
697
705
756
778
770
825
867
866
799
789
825
838
843
845
738
781
825
835
802
808
835
814
771
731
747
832
876
896
850
800
872
944
967
925
908
871
798
807
813
817
780
746
765
847
894
890
854
806
753
754
758
773
766
760
824
827
797
788
839
845
837
764
815
805
843
771
767
793
820
812
743
761
811
855
841
790
794
842
822
764
754
793
820
803
772
787
784
788
802
837
794
744
710
729
774
804
784
776
850
827
774
751
760
717
729
718
740
820
779
719
835
903
849
789
801
854
885
834
836
829
803
766
719
735
760
747
739
729
786
861
836
854
797
780
775
781
787
759
761
835
795
845
853
828
770
756
734
686
688
655
646
667
748
983
907
944
939
820
879
870
810
783
824
893
840
818
825
741
806
859
872
882
817
823
874
798
918
890
865
810
755
777
819
853
842
783
811
838
826
817
787
815
837
847
801
768
787
793
721
715
768
842
867
871
829
758
784
765
755
724
699
753
772
806
812
871
911
830
816
865
832
830
777
796
813
754
718
717
803
868
873
849
781
844
870
863
870
809
767
824
874
791
753
721
701
695
697
738
813
746
753
756
720
765
797
827
830
875
754
765
742
730
716
739
764
711
729
789
782
791
814
842
834
816
784
714
714
693
714
778
764
741
698
719
818
904
924
941
905
882
851
808
773
738
723
712
677
683
786
961
977
951
914
851
802
750
709
699
744
907
954
910
923
880
851
843
809
762
714
699
725
842
971
990
958
906
885
846
771
749
705
734
786
849
791
922
935
864
833
868
848
824
757
754
781
867
902
895
852
811
844
829
800
739
754
742
771
796
784
727
750
798
846
844
761
765
832
911
869
802
785
800
826
841
813
711
721
729
754
757
736
803
893
933
931
910
860
815
780
815
842
882
860
809
751
794
893
971
801
828
817
811
800
783
779
811
879
856
808
846
819
811
783
758
770
765
755
717
714
716
742
767
756
714
688
622
657
739
711
731
729
703
736
746
776
787
779
763
708
705
686
667
662
656
649
657
686
704
717
723
732
795
806
768
802
799
840
854
817
788
775
784
773
780
793
791
746
740
791
829
844
848
819
807
821
836
816
869
874
856
862
854
845
799
762
767
801
811
821
773
770
778
759
744
737
723
706
686
689
731
856
859
901
848
810
831
849
848
844
802
801
837
841
890
836
807
829
854
846
837
821
788
782
812
822
783
771
801
838
826
793
771
781
803
795
744
739
764
795
813
796
809
839
866
839
795
857
864
866
815
802
835
848
861
794
788
795
830
830
777
755
781
838
822
795
753
740
796
830
763
728
737
762
770
740
720
739
796
843
811
788
851
859
827
794
789
839
860
884
839
763
771
789
798
777
762
776
815
772
765
783
777
768
745
793
825
813
763
761
789
849
844
818
839
879
832
802
777
829
872
885
840
837
882
896
845
811
818
832
822
792
818
852
887
831
804
827
771
725
706
746
787
796
760
771
840
836
803
761
803
821
807
793
785
795
810
778
779
827
899
849
814
834
834
835
771
747
751
713
724
761
815
814
781
829
835
817
794
761
762
809
842
858
829
899
921
915
846
790
830
816
888
852
892
906
896
854
820
897
904
888
817
852
876
895
868
850
908
888
876
831
882
897
865
822
858
864
888
820
849
889
855
813
801
797
789
764
807
857
815
803
816
840
851
805
819
842
857
819
776
814
826
779
783
814
834
814
786
776