730
725
717
724
724
734
753
739
729
727
719
715
727
762
792
813
845
859
835
867
872
838
848
846
788
776
752
739
759
796
875
836
871
884
861
860
852
826
813
825
831
811
829
826
795
791
778
770
771
788
797
776
768
778
771
744
738
747
770
767
778
794
801
775
779
776
758
748
755
771
772
779
820
847
819
828
828
803
794
812
835
807
813
818
803
775
790
793
792
800
816
817
808
821
822
795
802
803
804
811
820
813
805
819
805
769
760
753
755
755
781
795
789
800
830
831
804
807
798
769
763
765
770
765
777
776
764
773
786
794
779
795
793
775
781
791
781
763
765
769
758
749
754
747
734
737
756
756
765
790
800
783
800
800
785
791
803
784
773
792
778
751
759
764
748
757
751
742
751
762
764
778
794
803
794
779
780
748
756
749
732
687
678
676
691
721
752
761
785
762
733
731
731
732
734
746
747
750
746
763
765
756
756
763
769
775
784
788
787
775
768
759
749
754
757
756
760
761
763
749
757
766
749
749
747
743
729
724
727
736
755
767
770
770
771
778
787
784
784
783
771
773
786
778
779
800
825
808
811
806
777
776
772
760
757
767
777
768
779
781
771
765
766
764
764
773
775
761
755
758
748
748
775
781
773
773
771
763
769
781
783
789
802
805
788
787
791
786
768
772
776
757
754
759
766
770
779
774
765
765
767
751
745
749
762
755
761
779
776
765
776
799
790
781
784
793
769
755
749
746
732
728
716
702
700
722
749
769
782
787
771
766
763
749
753
731
697
667
649
646
646
652
642
638
631
629
618
613
604
602
600
585
581
575
569
575
573
578
585
590
597
599
578
584
591
589
593
594
588
582
585
598
617
631
641
658
672
652
639
661
709
766
912
877
869
811
786
760
705
671
638
624
617
630
653
708
782
728
753
755
758
744
725
722
720
733
704
714
704
718
766
729
755
776
798
787
835
834
812
762
764
757
758
764
769
740
776
782
793
769
761
757
744
749
730
716
729
720
724
714
747
755
746
734
718
738
739
768
768
726
719
736
740
763
784
727
749
747
742
745
718
697
683
663
687
767
841
887
828
782
780
785
786
794
792
770
717
706
673
660
687
786
898
885
848
770
737
726
717
712
745
758
757
722
703
696
691
696
738
778
777
770
720
708
710
689
718
776
785
790
737
710
702
698
693
729
801
804
790
737
700
669
641
633
658
765
869
876
902
900
837
756
759
747
741
735
728
709
673
648
648
661
698
790
811
798
750
713
725
709
706
721
732
740
690
668
656
655
664
748
841
822
786
724
710
708
686
694
713
726
720
674
655
646
639
648
715
799
788
782
724
699
695
674
667
700
724
710
699
668
656
630
623
630
670
785
824
825
800
747
714
704
702
690
699
717
724
716
680
675
652
643
648
702
809
816
808
760
729
736
719
709
707
709
703
688
671
658
640
638
659
722
774
781
752
703
685
656
641
642
681
774
835
822
767
713
672
645
635
636
670
810
884
824
793
723
703
676
662
683
759
832
827
817
765
728
715
708
700
726
787
802
779
725
707
691
677
689
736
775
769
716
691
669
660
662
686
738
772
768
733
712
701
699
678
696
744
782
778
734
709
708
686
690
726
758
746
718
697
680
663
662
696
794
832
825
774
741
752
750
757
762
754
751
728
699
700
680
679
720
760
771
756
727
747
763
764
779
777
764
713
700
668
660
689
754
809
834
761
718
720
695
699
723
734
723
680
663
646
646
661
707
758
774
754
716
680
650
634
620
625
658
700
739
723
690
670
663
655
653
681
716
731
725
688
656
634
628
621
637
683
740
768
767
715
675
660
646
644
663
700
726
733
681
662
655
646
648
680
721
743
736
702
675
649
639
630
646
695
760
784
750
698
676
656
656
661
691
747
779
771
719
699
676
667
674
711
750
755
712
659
635
628
619
626
658
738
806
760
712
689
699
708
736
762
750
698
679
661
659
663
695
749
792
755
724
712
692
702
721
750
763
761
740
706
698
695
681
706
742
756
747
699
685
660
654
667
705
794
776
737
713
701
696
694
725
735
732
700
689
705
698
711
717
681
663
647
646
659
723
777
779
717
694
690
697
719
747
748
744
700
684
651
646
658
724
793
788
769
728
708
702
684
703
734
740
719
704
676
676
686
719
743
740
708
678
648
631
627
641
697
777
795
751
718
698
694
683
708
740
750
701
673
654
657
658
688
745
783
740
704
674
653
650
663
715
763
721
693
670
646
627
615
610
629
713
718
685
646
641
640
631
629
640
625
625
631
640
673
701
671
658
660
660
683
707
714
710
670
663
649
652
673
713
699
687
682
706
722
738
750
723
685
668
655
645
659
682
714
744
732
683
663
643
627
606
592
582
574
569
566
568
574
578
590
627
712
813
820
789
719
688
664
659
666
719
807
820
742
714
692
690
698
723
757
727
689
645
630
615
609
604
623
697
807
826
778
726
713
707
709
727
735
708
677
654
644
643
657
708
766
771
729
710
714
721
754
780
745
732
745
751
749
743
757
718
697
705
681
681
706
716
690
681
686
670
682
698
706
688
682
677
693
706
729
746
729
703
695
693
684
688
698
675
663
647
636
638
657
696
681
675
693
703
734
752
751
718
677
653
647
642
652
688
715
684
662
668
670
681
706
712
698
667
649
642
637
640
675
741
777
789
733
696
677
670
679
702
743
743
702
683
689
702
738
760
729
694
680
683
674
683
697
694
673
664
659
667
665
682
702
685
667
659
658
651
666
673
658
648
653
652
669
695
688
673
658
647
647
646
636
628
621
613
598
598
598
600
618
652
656
636
618
622
622
630
645
672
674
671
679
680
696
688
664
634
626
626
629
653
704
746
718
702
695
714
740
764
758
717
683
679
672
682
717
730
698
680
683
683
713
747
701
687
667
662
661
689
741
762
706
693
701
711
731
753
722
700
708
694
692
699
684
676
659
661
659
680
721
715
684
666
648
644
657
688
719
697
678
667
679
708
741
780
744
711
694
692
689
711
707
701
691
692
708
734
757
744
717
711
712
705
717
711
684
668
669
684
707
749
780
759
729
708
681
646
642
647
658
735
717
709
710
704
665
646
627
617
602
589
587
583
576
576
576
578
587
584
575
568
566
573
577
575
567
565
564
560
553
550
544
541
546
556
578
603
634
665
692
712
730
728
716
690
685
684
699
728
732
731
728
727
724
714
683
666
650
653
671
703
713
688
666
646
637
642
644
648
642
639
632
632
642
647
645
644
636
632
625
619
619
621
632
661
667
666
661
668
675
677
677
676
679
691
688
679
676
688
687
688
689
704
719
701
696
694
689
679
687
713
744
738
757
772
760
739
735
734
729
729
735
744
736
731
737
748
749
747
760
770
747
731
729
732
736
745
760
778
769
756
771
783
758
759
769
768
744
752
770
780
754
755
743
722
708
709
722
727
730
776
803
771
759
758
746
739
742
748
743
744
756
763
753
754
762
783
773
783
803
784
765
770
767
740
737
743
749
738
743
747
747
739
729
715
700
672
661
646
639
649
702
748
807
956
964
864
844
847
854
822
841
862
875
834
845
864
846
821
820
836
835
803
804
800
766
778
772
767
760
771
771
769
785
800
787
771
774
792
778
770
784
793
773
789
801
793
784
804
811
779
776
770
758
745
778
804
783
786
806
806
778
784
786
764
755
768
775
776
789
813
814
785
784
791
775
759
770
773
764
756
761
768
759
767
778
744
727
730
729
715
702
722
755
766
786
833
853
799
808
802
773
769
797
802
790
821
823
789
791
803
821
798
801
811
818
792
805
801
782
774
788
788
773
760
778
777
771
788
800
797
789
810
826
762
741
715
688
699
722
756
835
852
792
787
809
828
812
846
852
828
826
845
867
824
816
841
816
802
820
828
821
821
831
852
806
808
821
802
775
808
840
813
805
851
867
821
816
806
795
791
835
866
863
874
903
876
816
821
837
817
821
839
837
812
851
843
805
801
807
786
782
814
845
841
884
890
851
806
821
820
818
795
799
803
783
791
812
807
788
816
854
816
806
823
808
792
816
824
831
822
854
849
813
831
838
817
800
828
840
822
837
839
813
794
833
866
843
827
854
836
801
818
825
790
801
826
831
816
847
896
913
920
914
915
858
854
866
833
813
842
836
829
860
894
870
878
907
847
818
848
873
853
863
893
869
857
916
889
851
882
892
847
858
865
839
831
838
824
803
827
821
796
801
841
839
813
856
888
858
830
831
829
794
811
836
820
794
763
736
743
759
750
724
717
807
814
812
854
863
831
822
850
873
838
847
858
841
822
859
868
854
839
832
825
800
835
891
887
874
927
926
868
857
868
828
827
867
914
877
934
938
877
852
854
825
791
809
836
839
835
894
926
865
893
905
865
846
890
894
827
836
849
857
834
871
906
870
865
863
861
824
866
921
892
917
903
866
854
868
840
814
825
791
774
793
802
790
789
817
832
789
794
788
774
760
765
772
758
756
773