749
763
813
846
806
802
834
842
788
769
771
728
728
688
708
727
707
688
676
637
616
628
669
651
666
724
841
830
774
708
699
708
735
689
674
742
830
814
777
814
860
836
771
783
854
882
810
803
833
865
793
815
878
882
805
788
840
850
782
768
796
807
816
774
802
832
817
762
745
771
834
870
798
789
822
767
714
732
692
660
723
710
685
759
873
834
745
721
722
749
785
739
740
805
825
821
766
789
845
873
834
782
786
812
834
802
786
849
895
843
803
817
847
777
705
746
782
768
724
726
755
783
780
742
743
734
769
797
830
772
726
729
706
689
805
634
683
786
843
779
761
814
867
794
764
781
788
745
715
745
843
813
762
787
823
827
761
795
896
894
807
786
823
909
883
810
809
827
856
810
786
817
847
800
813
847
854
794
799
815
801
779
812
812
804
811
841
793
757
801
833
794
752
698
629
637
622
615
610
604
618
842
718
710
863
891
809
901
797
807
814
777
874
781
753
802
897
902
931
872
893
919
927
917
876
846
889
910
875
812
833
873
867
833
814
859
900
898
847
828
864
913
876
746
756
687
664
641
648
679
684
717
831
887
896
887
822
749
732
783
829
799
808
860
917
896
819
794
804
792
758
782
883
861
812
829
875
868
788
799
843
883
745
762
685
713
734
708
722
688
668
681
709
692
713
725
748
720
701
765
838
786
724
699
713
734
770
737
753
862
932
775
872
851
882
746
836
736
663
662
888
741
1061
942
982
842
813
885
893
802
828
822
844
792
763
733
675
704
661
643
642
612
625
616
623
633
679
632
634
644
670
626
635
648
613
596
626
652
680
622
643
632
620
616
644
683
637
641
646
707
855
843
809
819
876
865
854
804
772
799
878
900
880
787
771
737
782
948
916
905
828
787
786
835
896
928
940
900
842
747
692
646
648
687
840
946
954
946
874
845
873
907
855
876
868
910
832
792
745
687
658
781
824
845
791
749
751
926
980
976
884
787
723
790
927
939
879
800
794
869
891
857
803
769
745
861
898
876
870
841
775
709
734
890
933
903
802
724
715
862
878
848
832
767
712
670
660
646
657
662
653
641
661
789
767
677
659
692
717
683
760
877
939
926
777
695
699
689
703
721
788
879
981
915
847
784
723
677
758
967
896
818
714
662
652
667
885
915
920
878
854
842
918
928
915
843
786
773
773
852
858
864
841
808
796
824
877
864
809
694
642
642
623
605
596
608
677
713
658
647
687
688
880
908
892
795
713
680
748
886
904
851
787
760
729
888
892
864
774
706
683
706
901
854
851
844
791
727
713
774
783
713
667
676
708
681
685
819
917
915
845
780
720
751
918
910
846
781
728
685
668
689
849
877
873
848
809
767
778
885
865
858
826
762
712
723
805
886
897
863
808
772
774
813
792
709
666
644
638
653
747
836
835
728
660
647
632
615
607
602
649
652
692
646
644
656
674
763
764
872
880
812
741
771
870
899
827
747
743
894
978
937
926
833
764
771
893
923
868
802
733
703
730
850
843
831
737
681
673
680
742
909
889
872
861
865
863
796
718
671
627
630
618
606
631
822
800
721
716
718
740
924
908
769
682
678
701
798
807
857
855
805
815
850
772
749
688
660
706
716
701
739
798
759
848
873
876
863
855
878
883
782
706
674
729
873
838
784
706
680
682
687
842
935
887
832
808
765
814
851
886
905
921
847
806
796
833
854
820
787
805
813
771
745
694
648
642
645
729
847
830
825
794
747
699
718
788
902
868
860
868
863
848
796
764
746
734
679
673
712
737
679
642
615
616
610
598
591
627
723
640
629
633
689
748
818
873
789
720
704
741
823
787
813
838
789
815
839
829
780
787
781
778
765
767
710
688
657
636
640
663
751
812
845
778
721
723
769
771
823
804
736
700
700
826
864
843
740
677
658
660
691
862
910
949
896
827
737
746
757
757
749
748
785
729
679
636
639
650
669
700
777
886
874
862
852
813
801
794
716
678
663
648
629
645
695
737
702
677
701
655
648
647
637
657
727
784
802
788
753
700
677
741
883
869
888
863
883
941
901
889
801
779
846
852
827
763
714
724
774
844
854
792
710
663
660
659
733
924
965
961
875
836
856
880
831
761
714
656
645
655
677
667
664
783
795
797
762
740
803
846
866
830
796
777
729
755
830
861
878
838
778
729
745
791
860
871
839
794
781
825
879
887
832
820
794
771
782
817
840
897
810
774
782
869
893
823
794
760
744
713
690
665
663
632
641
628
622
612
625
640
656
691
743
728
766
812
806
766
787
729
743
788
879
889
787
1063
901
904
888
817
768
767
800
846
808
807
785
773
739
674
647
620
641
662
735
740
858
862
736
688
701
964
928
943
862
853
888
873
817
988
845
826
875
884
923
920
916
896
887
781
1048
823
725
682
658
646
631
661
682
712
760
990
988
976
971
952
819
756
718
829
903
783
697
671
755
870
790
799
984
995
973
925
882
873
815
841
907
878
882
986
959
893
874
895
955
935
938
878
900
937
937
879
902
913
886
869
929
935
850
819
859
871
896
852
843
897
869
832
898
926
876
820
896
934
876
890
958
911
837
864
814
704
692
742
743
868
906
948
834
729
762
864
853
728
997
887
854
888
941
909
815
812
796
1119
813
858
918
843
817
967
949
872
968
983
876
929
993
858
837
920
881
845
916
896
824
899
958
854
831
872
813
718
1080
916
753
695
662
683
1017
848
839
1002
1058
1004
887
752
1092
997
881
795
771
780
707
664
648
682
690
685
775
859
1122
958
781
693
745
759
937
1061
1034
797
1166
1048
992
944
945
962
948
947
877
906
956
963
895
880
937
938
866
862
897
904
896
843
813
890
904
905
857
878
901
814
823
1076
819
877
876
872
846
824
815
855
811
724
672
680
688
716
868
942
769
1032
792
847
870
809
769
780
963
940
911
858
930
946
859
872
888
756
728
1123
936
878
813
813
902
927
824
1030
861
878
867
840
819
851
977
905
858
859
919
913
843
806
852
894
792
738
1133
1048
1007
935
1011
966
870
848
845
784
801
847
844
847
745
1128
827
1034
918
858
779