968
990
844
730
693
753
1147
907
808
799
1116
916
777
895
1086
865
829
1075
930
796
915
853
786
773
886
942
773
859
938
776
814
894
802
774
730
701
671
663
723
1140
889
922
955
867
758
711
743
756
726
828
887
833
739
712
742
835
741
749
880
815
764
816
883
778
798
940
789
775
846
807
741
690
705
688
693
770
882
747
739
828
817
750
767
857
766
756
827
863
781
764
827
760
733
793
791
726
714
776
813
760
795
902
765
771
896
825
771
801
985
806
795
885
763
752
808
861
767
734
797
824
770
810
930
769
743
820
809
736
757
882
771
762
859
823
761
772
854
760
757
865
822
743
780
802
744
743
868
804
776
929
1103
999
970
930
917
873
887
889
905
928
854
777
714
700
769
1134
817
741
881
977
870
838
764
720
720
759
843
741
910
1052
840
1048
886
758
815
841
757
774
1057
920
894
1076
825
795
883
808
761
860
913
1006
968
832
757
693
667
659
664
716
737
762
816
1199
1066
906
797
834
751
720
740
798
778
1011
1046
798
737
802
922
755
706
691
719
768
759
719
704
867
886
764
729
775
729
724
778
743
731
845
765
757
861
772
737
788
753
734
742
883
810
783
871
794
777
858
778
794
960
811
843
903
782
822
821
775
888
840
792
941
812
797
944
806
787
843
776
793
936
799
840
1110
867
917
854
773
960
862
785
979
829
832
995
842
872
764
736
804
792
770
841
798
770
850
791
767
823
798
741
789
717
703
684
675
702
777
998
857
780
894
784
747
751
752
699
680
679
656
639
624
629
730
688
713
865
786
762
877
797
746
746
820
801
815
864
787
879
756
777
814
743
707
750
844
790
801
913
899
771
737
720
767
750
749
911
811
799
747
698
675
655
636
626
659
950
929
919
922
895
984
878
796
921
1077
913
1047
941
828
975
854
764
824
1035
789
806
834
767
716
696
686
676
694
772
700
697
734
739
721
767
813
757
773
886
860
764
755
801
741
732
707
696
738
1123
975
923
936
845
759
748
710
779
915
781
896
853
754
722
703
680
653
628
620
664
696
702
866
906
799
926
794
828
965
804
921
884
828
868
834
784
729
718
923
828
1044
1100
1012
988
873
854
823
810
840
768
719
719
714
681
687
670
665
664
668
702
718
736
741
738
782
814
766
729
707
692
679
668
661
657
668
833
1046
1063
1029
903
850
891
1010
1005
995
1111
1110
1107
1051
1023
1057
1060
1137
964
962
1100
1046
1061
1046
906
835
786
909
828
778
810
963
833
730
692
670
648
633
617
628
844
773
1064
1084
948
952
1008
915
938
1064
950
1043
1010
851
815
772
725
1195
1088
1131
996
1014
979
911
986
902
993
982
1064
955
921
857
728
698
668
638
622
658
1147
1042
1083
1021
1067
1055
1027
917
919
1029
979
1052
969
1083
1025
1068
1102
961
1012
1085
926
994
1096
947
1099
1067
996
1131
985
1033
870
755
735
764
811
781
737
723
711
715
963
916
964
944
954
952
933
842
875
897
988
1017
1069
933
942
1187
1175
1090
996
1022
941
937
949
898
845
971
1043
1027
1031
1052
917
938
1058
918
1022
1035
1071
978
1077
936
945
1068
1167
1041
1142
1089
1079
1030
1074
1012
1122
1083
1061
1006
1048
1032
997
1044
1003
968
934
983
1002
957
895
876
761
1061
951
960
1012
913
874
899
837
789
710
683
641
663
678
658
654
859
1203
1086
1075
1115
1050
980
988
868
927
997
1159
1152
1085
997
987
1122
1226
1115
1011
938
753
704
1258
1228
1021
1085
984
918
984
1008
908
958
954
902
940
955
886
807
788
1216
1113
1019
1019
984
950
1023
1002
1141
1112
1058
1031
1068
1039
979
906
815
1139
1007
969
1048
1038
976
924
800
745
734
733
830
1308
1148
1128
1020
992
1053
988
996
1170
1014
1128
1096
1013
1012
898
937
1115
1141
1004
1146
1124
1059
978
1056