800
838
853
857
878
867
811
827
786
766
776
839
812
828
790
794
809
803
797
867
931
959
909
859
851
891
1004
1020
1010
978
962
918
875
874
938
1024
1015
1005
978
940
902
887
927
969
1008
1012
990
963
933
896
856
840
893
957
961
978
944
932
886
872
891
921
957
959
962
938
891
870
888
963
1017
1030
1058
1021
981
944
958
1006
1008
996
976
953
919
977
981
956
953
934
882
886
873
875
890
941
988
993
973
956
945
925
902
881
854
875
941
977
978
986
956
937
916
890
876
883
894
879
881
912
959
979
968
939
937
914
907
904
923
916
888
901
951
980
981
952
933
923
888
885
886
861
899
970
1017
1025
979
955
935
917
906
900
898
913
923
925
950
994
990
967
957
914
887
866
852
847
884
930
944
944
950
890
882
886
885
893
896
888
874
864
859
916
931
922
900
877
864
868
855
853
865
883
879
893
927
968
955
939
917
897
870
850
853
838
870
901
964
979
975
1000
951
904
886
868
865
852
844
866
889
937
965
981
954
925
905
872
848
854
883
926
944
938
914
902
890
883
882
859
886
925
958
980
977
987
949
927
920
925
892
894
910
919
908
928
933
920
875
859
877
922
959
971
973
955
915
879
862
848
833
842
887
917
938
944
932
914
899
883
863
874
897
922
934
934
923
918
924
894
855
863
885
910
948
956
938
915
903
880
864
871
908
938
965
962
944
901
855
844
856
889
946
961
960
948
935
909
889
878
895
924
977
995
990
964
935
914
894
867
896
930
973
978
963
940
896
861
852
834
858
893
931
956
955
921
897
882
858
839
859
873
904
909
900
887
881
854
833
840
845
868
885
902
922
904
921
893
900
927
954
978
985
963
970
1017
997
948
953
939
909
898
886
898
923
950
914
854
839
830
803
808
810
815
820
824
814
825
824
814
810
807
806
803
803
796
790
785
781
794
786
788
790
790
786
772
778
778
771
741
739
725
719
729
705
685
692
689
686
695
701
692
705
713
718
729
758
773
761
772
786
784
818
822
812
841
834
834
835
827
771
769
745
699
722
673
687
673
661
663
687
687
702
696
707
699
711
720
714
716
704
746
747
794
803
811
787
739
800
813
741
743
717
712
716
695
697
687
658
669
677
686
695
699
741
803
826
851
834
818
862
876
860
824
769
748
758
847
924
1012
1005
996
934
851
773
722
693
688
735
897
962
1046
1065
1044
1003
875
801
776
815
915
996
1010
1011
934
895
856
788
763
754
847
1076
1107
1040
990
966
918
812
788
894
1046
1063
1041
1001
927
863
785
765
802
960
999
1017
936
897
819
806
906
1020
1037
1021
989
920
830
806
865
990
983
967
981
921
847
796
821
933
994
944
914
817
769
777
908
1033
1015
999
962
942
896
795
792
873
993
979
949
922
841
789
777
806
967
1021
988
934
834
830
854
873
982
943
892
867
859
774
768
852
987
992
991
906
848
774
754
768
915
1031
1018
947
945
878
844
883
971
998
965
972
945
840
799
824
884
994
1007
988
955
842
808
830
911
1012
995
955
912
875
801
791
853
944
958
949
946
927
846
819
799
874
979
972
929
938
856
793
782
821
919
915
935
888
882
827
799
846
946
985
985
947
904
831
797
793
833
941
980
958
924
878
799
788
802
898
986
970
948
916
824
797
799
893
977
980
964
915
919
893
864
833
780
802
904
938
904
894
813
765
767
805
896
963
955
936
910
817
800
855
972
982
962
936
870
805
800
858
965
976
942
895
836
773
770
769
848
950
942
917
878
815
819
870
958
988
960
932
821
808
826
928
955
956
920
886
802
799
843
913
944
930
898
868
796
770
771
817
894
932
921
896
872
805
768
780
834
877
907
905
870
807
767
762
792
875
931
931
902
836
781
784
873
924
944
919
898
846
784
782
824
886
924
888
866
802
766
765
801
839
857
830
809
800
775
733
723
784
854
863
819
787
761
729
719
731
766
812
834
836
813
761
748
757
807
867
918
936
916
822
803
820
868
897
900
903
885
813
805
827
871
905
901
893
876
804
786
807
870
908
923
921
896
807
781
776
817
857
898
916
907
836
798
805
843
897
926
903
892
877
814
766
789
871
913
940
925
909
852
806
795
829
902
898
887
876
830
795
810
851
896
901
878
807
787
804
826
884
904
891
831
799
800
829
854
884
874
861
856
833
788
855
852
848
846
794
788
805
852
922
963
938
876
817
833
881
924
916
887
822
794
806
832
888
900
893
860
818
791
825
874
902
915
854
824
846
887
941
925
917
834
793
782
821
875
909
916
896
825
788
814
871
908
913
904
854
808
813
856
878
891
887
841
796
799
856
893
916
898
862
835
851
900
892
862
833
773
755
787
822
875
868
825
773
779
823
885
948
915
838
778
822
849
867
839
769
743
718
717
694
691
677
711
697
714
750
742
740
754
726
710
685
712
705
804
820
855
839
851
918
938
898
861
858
824
805
756
774
717
704
707
703
688
695
696
705
731
741
794
745
785
748
740
796
781
803
799
805
815
817
812
785
776
741
738
675
702
747
769
724
720
693
688
698
732
812
872
896
927
936
909
895
851
822
840
856
913
979
967
888
841
808
796
769
775
938
989
977
909
863
830
845
913
956
978
974
975
961
944
911
868
911
965
1059
1065
1056
1023
990
925
911
960
1002
1093
1078
1020
937
978
995
963
924
963
920
890
864
846
876
941
972
1006
988
914
912
946
974
985
976
982
977
926
873
827
835
867
928
998
1022
1008
1010
972
929
963
969
984
977
955
952
927
914
878
903
943
1028
1057
1041
1016
989
957
942
909
887
915
979
1017
1033
1028
1004
998
956
906
883
855
881
893
971
934
936
965
968
921
937
1029
1089
1123
1103
1085
1020
1022
1012
1038
1018
964
994
1060
1107
1110
1082
1067
1018
979
907
914
974
1032
996
933
938
920
904
878
886
950
1035
1062
1074
1071
1008
971
1003
1087
1136
1147
1110
1085
1011
967
983
1041
1108
1134
1102
1122
1060
1052
1018
969
973
1065
1117
1098
1082
1062
1053
969
974
994
1026
963
949
996
959
914
925
919
918
900
896
909
968
998
1024
1975
966
918
911
882
922
1068
1201
1188
1142
1132
1094
1037
970
974
1017
1062
1053
1061
1023
1012
950
935
951
986
1020
1046
1033
1036
1046
1050
1012
986
949
874
866
864
841
814
818
823
800
794
779
764
748
747
746
745
745
745
749
763
757
757
776