905
896
932
984
946
946
989
839
840
805
724
818
809
823
1147
995
979
984
914
879
893
866
944
1065
923
1016
922
841
847
879
922
958
944
929
788
693
937
968
823
976
1090
909
1028
949
871
907
949
892
1000
1025
919
932
948
891
968
974
899
938
936
885
916
916
892
920
934
905
948
913
912
936
933
882
945
990
876
948
974
900
1055
908
900
925
885
852
939
981
893
933
942
870
917
908
896
928
1051
896
865
953
1024
877
874
953
994
880
900
925
950
987
1067
925
971
1064
900
896
882
855
848
929
934
895
991
943
915
941
897
856
903
863
864
966
949
893
922
911
881
949
911
881
919
914
897
1027
894
904
876
856
920
992
894
1015
904
854
928
936
893
949
968
964
969
914
938
938
894
919
889
941
1063
919
916
907
950
966
976
901
976
1000
1012
990
930
961
997
947
1035
913
960
959
923
892
928
939
885
930
998
902
922
899
884
916
917
878
924
941
900
918
861
913
911
860
944
1054
910
897
880
847
905
890
796
717
813
1162
939
1027
941
884
928
956
862
916
952
960
1002
1013
951
933
866
898
939
921
941
1043
881
884
919
953
948
1081
937
883
894
864
868
922
881
922
980
963
1000
916
874
926
925
961
975
966
900
961
1013
905
959
945
876
942
984
1059
1068
1001
979
1009
916
869
932
1012
999
933
932
753
702
659
649
642
665
710
714
654
662
641
634
646
639
634
628
616
626
622
634
609
602
590
586
586
686
675
660
689
688
672
688
757
734
714
815
780
753
710
688
689
739
701
713
775
771
771
1051
839
826
804
766
737
919
944
761
829
904
914
898
875
835
847
874
889
862
906
937
849
964
1056
1021
806
791
868
1061
902
933
1004
851
767
823
1011
852
803
1022
1039
909
885
909
879
779
772
959
909
840
1021
817
739
807
929
763
737
791
1040
777
808
1078
1009
872
791