1021
909
885
860
868
830
809
784
777
794
794
790
798
797
794
798
817
833
847
891
848
857
863
1016
855
873
990
1042
903
865
934
938
921
896
903
938
1141
1016
895
884
945
1011
932
919
1034
1020
937
849
840
936
971
938
866
862
944
992
893
892
874
879
1024
924
979
987
924
857
916
891
1011
948
1011
985
897
860
910
958
938
966
1000
938
834
830
890
903
918
866
820
838
884
833
832
938
899
854
794
830
886
928
884
806
815
902
950
913
891
939
971
912
857
878
900
886
865
861
882
909
916
955
889
914
921
891
851
867
927
935
869
848
896
876
865
924
827
874
932
839
794
868
957
903
821
834
979
929
864
862
902
895
867
839
826
855
877
1006
866
894
861
838
815
829
889
1058
894
832
841
843
1031
889
891
908
907
944
883
919
892
868
839
864
942
1028
912
932
889
869
861
821
863
914
1046
890
848
886
875
835
851
904
1069
877
869
920
912
854
838
887
902
1021
875
902
871
849
820
834
870
903
985
929
979
985
902
869
911
880
854
865
916
939
1053
984
958
909
848
868
972
980
905
941
973
921
847
892
978
916
852
877
964
945
882
885
956
936
859
821
893
943
922
864
920
981
956
897
906
959
957
874
820
854
949
957
885
861
979
999
932
845
890
924
941
856
857
962
840
776
829
866
782
723
773
977
886
789
771
745
713
730
718
694
655
635
611
597
581
563
561
551
550
544
540
535
533
534
530
523
521
522
523
522
548
579
593
609
710
746
843
784
699
713
746
780
772
820
818
765
721
640
629
645
758
771
721
749
796
881
1050
941
780
738
702
668
747
819
833
981
935
892
789
774
806
838
839
934
774
736
793
731
686
698
698
823
954
908
889
805
783
818
845
885
980
782
838
866
861
787
790
841
876
852
828
813
806
801
773
741
773
823
1087
981
813
841
881
876
857
800
758
781
812
838
799
808
851
887
870
824
1000
906
796
831
816
829
835
831
809
729
705
736
954
893
859
824
909
879
800
789
838
925
835
810
803
852
891
896
829
786
792
821
858
865
853
805
829
830
882
859
864
847
808
764
767
768
793
861
909
1058
979
854
768
729
720
866
863
911
1080
938
800
762
779
851
866
909
902
824
804
819
823
822
853
856
840
758
668
646
643
656
711
740
784
840
877
836
745
788
791
794
723
714
735
769
849
844
848
809
774
798
819
825
807
770
756
795
810
847
964
812
776
755
797
914
940
938
870
801
761
738
782
896
885
876
830
821
847
878
878
862
850
795
745
680
698
887
962
907
943
773
757
789
866
910
849
755
743
795
902
854
818
803
729
700
697
747
816
778
759
759
810
810
766
744
781
831
825
778
729
718
747
872
895
917
829
745
731
745
818
880
846
803
794
830
859
871
827
786
791
804
818
825
828
787
788
769
851
864
860
812
801
793
777
837
773
733
754
783
892
841
805
786
782
769
829
852
816
771
726
756
758
734
688
653
654
684
773
810
769
720
720
754
811
825
769
719
729
790
850
837
775
736
751
823
923
869
823
818
845
860
867
841
792
774
742
886
911
981
787
813
874
868
786
764
794
865
909
781
736
770
918
960
910
811
755
754
814
868
826
799
844
867
866
822
810
845
884
986
831
760
808
913
953
883
764
774
888
985
851
812
816
867
882
856
802
824
855
830
774
721
748
772
786
732
747
815
890
810
782
825
856
853
804
758
817
895
843
791
771
854
874
864
802
752
755
826
896
884
852
803
814
833
825
763
729
743
821
888
829
802
820
847
855
817
815
838
854
816
783
815
837
855
841
806
807
814
813
758
756
825
876
868
784
738
768
841
861
776
745
782
827
806
746
756
815
881
858
768
732
780
834
814
745
797
873
869
786
776
817
854
803
760
823
920
845
818
833
860
840
750
721
739
762
788
733
718
771
834
848
778
732
740
770
781
746
726
772
843
860
796
751
799
850
846
787
793
821
831
786
806
882
870
810
889
910
903
859
778
770
845
880
823
767
774
833
891
799
793
870
859
781
768
824
886
833
748
747
785
870
890
774
738
758
785
801
752
767
878
897
863
785
782
819
865
819
788
833
887
825
781
840
902
827
741
687
687
660
693
762
754
732
697
662
692
716
700
678
635
643
622
618
644
652
711
736
698
694
720
715
686
704
699
684
656
628
624
612
618
616
620
646
635
638
639
618
652
657
647
648
646
647
640
636
663
710
736
733
769
814
873
845
828
779
756
768
742
774
792
776
787
749
712
717
690
673
696
749
864
917
837
845
938
817
774
757
691
666
646
638
678
753
823
824
865
1018
908
890
874
839
813
819
831
799
796
833
860
866
922
1057
933
818
821
876
939
1035
938
1057
1067
979
813
837
872
978
1035
987
1063
1045
940
878
880
890
1029
891
907
918
1063
989
1035
1041
957
881
871
851
876
988
890
937
896
899
866
838
860
857
867
872
904
933
1097
959
931
925
855
853
865
924
959
1052
978
1026
1009
904
858
921
915
896
911
945
920
901
899
925
907
880
884
928
923
878
872
938
925
908
882
902
940
916
872
910
912
890
866
880
929
907
874
883
901
889
863
859
882
865
847
837
863
877
862
850
857
868
872
858
835
846
885
905
1002
859
907
909
883
903
934
906
910
928
894
872
901
870
840
850
850
827
832
876
872
859
890
882
858
854
867
854
835
848
851
862
884
896
979
901
921
847
834
899
907
855
927
933
837
845
861
1021
877
855
938
925
874
873
888
1018
885
914
908
855
912
1021
927
892
884
883
994
931
963
921
820
838
859
1031
899
916
940
924
873
875
902
856
846
886
889
941
902
904
881
856
864
900
858
856
844
863
874
873
851
850
895
891
987
841
875
878
870
844
873
956
885
870
907
896
854
840
858
880
970
896
895
854
807
748
789
783
849
787
736
767
737
750
778
780
763
799
845
912
843
863
832
836
812
820
874