690
711
705
723
702
724
709
689
644
615
631
651
666
654
645
666
686
654
644
653
681
668
656
666
635
614
601
592
599
629
664
699
713
732
730
714
682
654
640
651
684
720
731
742
736
710
682
653
646
654
688
748
747
736
730
721
679
649
632
631
648
677
698
717
708
717
691
660
635
620
632
657
695
706
707
707
696
672
642
635
648
683
721
726
730
732
720
691
646
622
617
630
669
703
733
729
728
722
681
657
640
629
633
651
699
759
756
756
724
742
677
654
638
627
646
678
703
721
725
721
697
669
647
643
641
663
719
754
768
747
746
732
707
667
643
628
629
642
687
710
735
714
718
707
672
646
629
613
618
643
678
694
708
709
723
720
713
696
662
639
622
616
622
645
666
697
710
706
700
695
669
645
622
605
602
604
645
690
737
745
742
723
741
697
654
633
616
608
615
632
669
698
710
700
700
687
649
632
617
618
621
638
679
728
744
732
715
698
678
647
619
607
603
619
658
706
735
742
725
726
729
694
660
634
617
609
626
661
697
722
725
728
708
707
696
668
638
619
621
635
646
679
705
713
711
697
691
652
627
610
596
609
646
690
720
719
739
748
744
701
654
632
621
622
641
669
708
768
786
770
745
728
703
669
645
626
623
635
668
692
707
708
682
717
661
644
629
617
616
635
663
678
705
699
704
695
670
640
625
614
627
646
672
703
695
701
679
642
618
602
590
596
625
677
709
743
738
731
715
707
678
651
624
635
658
699
719
729
733
729
736
732
723
690
648
636
653
672
699
712
707
706
705
701
696
664
640
627
624
634
659
713
749
746
754
739
722
693
654
629
612
597
593
590
583
587
590
622
699
729
815
835
768
765
772
750
713
713
687
684
677
672
655
678
726
733
706
706
688
677
646
625
636
651
688
700
718
732
716
723
686
666
638
638
646
680
703
707
702
707
684
699
692
677
659
647
638
654
633
641
647
646
642
649
644
627
637
662
690
701
711
717
714
700
697
704
699
697
691
669
668
668
675
697
697
699
700
696
715
715
703
703
691
670
651
661
665
681
674
659
634
627
618
610
610
609
600
609
604
598
593
602
598
602
598
592
578
585
585
573
578
573
577
576
582
577
575
587
591
585
603
612
622
625
649
612
613
603
638
638
653
666
659
644
633
682
822
782
795
781
759
726
664
631
631
669
765
727
746
729
691
636
635
665
745
771
744
750
742
732
685
636
622
615
629
695
790
761
781
785
764
737
675
634
615
605
613
628
697
775
765
784
767
728
650
666
643
625
649
629
634
654
649
660
662
634
674
670
694
696
702
684
648
633
622
673
775
805
799
811
810
791
772
768
742
721
702
708
702
699
693
695
691
689
703
708
699
678
677
654
662
638
641
646
639
609
602
593
595
626
717
797
779
795
798
781
754
669
630
611
605
623
716
792
771
801
790
768
693
645
627
627
663
750
731
732
729
704
646
628
627
662
684
704
703
690
686
636
613
599
595
613
676
709
705
697
675
652
629
604
595
584
581
603
782
746
773
778
755
722
646
621
604
604
636
777
748
753
756
740
723
690
653
617
604
587
581
585
624
716
737
727
733
724
707
677
637
604
590
573
576
598
679
731
738
746
729
712
675
626
606
584
578
593
629
716
724
735
712
693
683
690
611
598
581
590
605
698
731
759
784
761
729
698
644
621
602
593
595
640
707
712
728
729
732
724
686
631
609
594
589
601
657
753
754
769
763
747
710
679
625
610
587
588
603
641
755
727
743
746
720
685
666
619
602
587
578
584
619
746
748
735
752
750
720
688
670
642
601
589
573
583
606
743
737
719
695
717
680
646
663
616
606
590
579
614
675
714
709
730
715
700
674
649
630
600
588
577
574
586
636
757
735
743
751
729
700
668
650
615
602
591
582
587
616
708
725
740
748
737
724
688
645
618
600
589
590
613
710
719
718
747
736
709
674
623
607
591
584
601
613
648
654
664
668
649
647
627
597
591
577
577
608
682
703
702
711
717
703
675
656
620
604
589
580
588
612
672
680
719
727
717
701
680
652
617
600
586
583
604
646
688
693
706
711
704
684
666
618
604
585
581
587
615
693
707
716
738
724
711
686
661
621
606
592
588
599
639
717
696
695
699
691
657
637
601
587
575
569
572
604
676
688
692
703
690
670
642
632
602
583
575
576
583
603
644
660
696
694
683
667
648
630
606
591
581
580
591
638
696
697
713
717
708
693
638
613
595
586
595
632
703
697
708
718
711
698
681
666
646
638
608
602
589
582
615
675
684
694
699
698
691
675
652
629
609
604
598
633
707
713
713
733
743
735
713
681
628
609
596
590
621
718
686
690
721
714
705
698
682
654
631
613
597
586
583
624
714
687
720
728
719
716
688
640
610
596
590
613
668
666
678
683
685
676
660
655
605
596
585
578
594
624
656
653
671
671
667
656
636
613
596
582
574
577
610
654
653
681
687
688
677
655
623
604
588
579
579
612
672
667
678
695
692
682
663
621
607
601
597
620
672
721
681
694
692
686
667
640
623
606
585
582
574
583
622
678
654
674
689
679
668
653
629
599
593
584
602
619
653
657
678
669
654
630
622
606
588
581
571
570
592
653
670
656
668
668
672
658
632
609
591
577
570
587
620
628
640
633
633
624
612
602
608
585
581
574
574
588
616
628
641
653
657
651
640
632
619
596
585
582
593
614
635
655
659
668
667
657
657
624
603
595
599
631
687
683
681
687
684
672
654
631
608
591
580
572
595
646
685
675
698
705
719
696
677
645
625
628
604
590
592
587
581
575
568
571
580
584
589
590
585
585
573
592
574
564
564
564
563
563
562
554
565
555
549
547
548
553
556
569
574
588
608
606
626
614
618
608
601
617
590
586
586
563
586
584
600
598
598
600
613
598
615
620
623
613
636
640
643
646
644
641
620
610
623
654
671
674
684
686
688
692
684
691
679
678
657
646
646
665
699
719
710
719
701
689
677
656
628
617
619
615
614
633
619
637
651
651
647
639
626
631
655
682
689
699
683
681
665
645
647
644
641
651
646
652
641
644
647
656
636
626
619
627
647
675
689
697
703
686
694
685
670
664
665
668
671
672
630
636
634
632
638
636
643
642
646
633
646
663
676
691
696
695
691
664
659
678
695
690
693
688
677
663
645
649
651
658
661
657
646
632
637
643
643
638
630
632
618
631
641
645
657
644
632
641
649
649
657
671
672
673
674
674
685
691
685
688
690
683
667
651
664
684
697
699
702
700
695
683
679
649
638
642
668
682
685
698
720
710
700
672
657
660
675
694
692
698
691
679
668
659
686
713
711
715
710
690
663
650
659
674
688
699
694
696
695
693
660
652
664
685
693
707
702
706
696
697
693
691
689
688
675
655
639
647
656
664
670
686
660
671
650
643
656
680
681
690
698
694
698
689
682
689
681
683
654
636
646
660
669
677
691
694
689
692
695
691
686
686
684
669
675
685
684
686
694
696
706
715
703
698
697
658
640
646
663
686
688
691
687
673
670
643
650
649
655
661
673
682
683
676
678
679
680
659
624
610
615
617
630
664
643
668
690
688
673
670
682
686
688
683
689
694
683
652
641
645
666
675
687
690
684
679
659
654
665
671
685
683
681
655
633
634
642
658
687
690
692
693
681
661
661
660
662
665
663
687
652
669
652
663
671
680
685
685
690
696
690
684
678
653
645
652
665
683
698
689
720
722
704
709
706
690
676
659
652
661
686
693
688
692
696
699
706
701
705
693
688
662
660
670
680
701
709
705
697
657
647
627
619
623
620
637
640
606
618
677
671
662
661
652
657
663
675
683
677
679
675
658
653
669
664
664