942
922
946
907
974
992
854
890
926
931
962
994
1022
1039
964
869
830
834
929
1079
1080
1058
1085
994
968
965
928
860
848
865
837
842
964
1047
991
915
929
929
857
869
877
816
772
789
858
892
774
750
759
879
826
805
834
904
923
884
905
946
930
894
905
969
1030
984
912
931
993
1002
952
1017
1017
979
979
1017
969
857
885
992
998
1057
1106
1031
1005
1015
920
889
915
874
854
942
979
938
979
985
926
935
976
928
895
972
954
884
919
963
896
965
963
882
887
943
971
984
1007
963
913
863
854
893
1000
1027
982
916
936
952
943
927
976
986
930
942
967
950
904
885
899
930
994
1047
1012
941
947
938
880
859
893
907
876
940
986
913
960
963
888
883
923
932
912
893
892
950
973
860
778
718
905
852
908
964
935
923
964
930
875
931
959
911
961
991
917
934
904
837
865
965
892
860
971
993
965
1014
920
813
775
1179
1051
982
1006
1036
984
973
1011
984
915
949
952
884
905
936
896
922
977
913
928
946
882
909
957
922
951
960
870
897
935
875
967
1019
930
968
1009
890
862
906
936
916
932
956
901
903
979
939
876
934
1012
990
1039
1014
939
892
917
945
878
814
805
893
1088
1029
1065
1114
1085
1079
1091
1004
945
971
971
940
979
953
926
972
959
933
941
907
877
832
768
697
681
701
1121
1034
944
977
956
866
845
825
913
863
972
941
847
813
866
888
867
808
969
945
876
902
884
803
850
830
813
831
995
954
856
836
841
812
938
938
862
816
812
811
779
801
795
761
733
716
734
915
947
879
920
935
879
832
867
806
896
1064
1006
945
926
867
782
802
854
875
901
1081
1025
1026
974
850
835
853
891
807
835
749
702
821
902
974
1106
1002
943
887
762
774
837
972
894
796
883
1039
994
793
749
754
771
701
697
853
1090
904
772
733
830
1116
963
920
916
802
770
750
938
1048
1161
1131
1030
881
780
778
891
932
973
1007
859
755
755
904
1052
887
810
728
685
655
677
660
663
687
755
787
819
857
1017
933
824
740
698
744
698
695
697
686
703
702
680
704
780
803
858
792
729
781
1101
963
831
791
803
846
853
792
737
728
714
671
651
719
1203
1082
1056
955
853
830
799
796
801
823
786
739
771
1078
993
988
982
841
779
732
696
727
812
1018
911
753
705
693
715
1003
925
955
944
869
812
829
798
862
944
961
927
873
812
827
864
781
745
803
1034
854
762
726
719
706
741
1077
1021
985
845
729
701
716
843
1050
999
876
766
747
817
938
1006
1011
920
785
715
753
1075
979
979
894
822
790
961
919
932
859
810
837
867
897
912
916
903
854
856
843
806
792
766
747
725
716
752
862
754
690
682
685
717
978
955
921
844
752
746
760
820
839
830
860
767
739
776
1082
1008
945
814
736
731
769
985
996
980
884
851
796
829
855
880
825
769
814
985
1024
975
904
857
747
719
798
1079
988
925
930
905
861
811
683
649
627
626
639
664
673
664
676
989
925
937
923
809
711
684
706
774
905
966
874
794
738
838
1057
907
776
729
696
719
721
755
744
775
1386
712
839
859
794
771
746
693
684
694
755
1026
987
879
795
719
685
651
629
613
604
634
1060
954
828
878
882
879
937
919
936
877
842
788
779
810
956
912
880
904
909
901
873
841
853
869
795
786
782
832
873
849
882
844
837
797
772
742
834
862
816
842
906
943
979
930
866
795
723
758
985
925
983
929
809
724
714
722
796
1072
969
974
913
867
880
900
902
905
859
813
835
932
992
1034
991
918
937
928
912
935
953
957
887
842
881
1010
991
978
948
844
792
790
844
1118
1085
970
973
939
905
909
946
927
896
872
874
833
800
745
843
1139
987
966
935
928
958
943
932
903
871
807
767
784
811
829
829
953
1143
1018
912
752
690
699
729
959
1018
1007
953
905
932
948
935
924
924
922
892
902
988
996
947
920
905
912
953
966
967
951
946
930
924
937
927
891
867
820
787
1034
868
828
976
1033
1020
981
939
825
796
799
944
935
767
728
752
762
858
1110
1010
984
929
924
952
961
978
999
952
886
852
830
793
800
716
689
659
630
623
646
675
715
686
692
719
747
895
946
922
902
877
860
846
849
933
960
1010
1029
1020
1002
964
947
986
953
959
990
976
914
849
860
780
706
691
690
712
756
997
943
919
911
917
892
835
757
698
673
657
654
670
662
650
650
646
641
646
654
657
678
692
705
721
719
763
806
833
889
1063
996
989
952
915
887
846
848
909
918
925
967
949
926
905
869
838
831
840
1003
988
930
822
735
750
898
873
826
837
932
1010
989
874
885
889
1025
1007
904
900
1006
959
932
999
999
979
936
945
918
896
878
864
838
812
941
941
896
1010
963
929
899
926
909
869
880
826
813
795
809
911
1043
925
881
897
861
783
855
1072
999
944
967
955
887
854
896
913
841
887
843
769
772
837
852
939
965
927
864
889
889
887
844
894
917
886
869
928
936
888
855
897
906
866
851
931
943
940
921
995
1035
960
985
926
827
796
840
1091
1014
949
1026
1021
980
939
960
953
931
939
950
943
912
943
966
939
915
941
941
907
919
958
966
935
985
991
963
954
973
942
924
945
948
918
923
964
966
939
975
979
944
949
986
961
918
951
948
911
875
711
905
1095
964
977
982
945
912
862
887
851
878
1203
1042
984
1013
976
958
1000
996
951
934
925
955
924
949
1054
1004
918
956
962
879
930
1046
958
962
976
982
964
1000
992
955
996
984
961
960
1006
991
954
981
1014
1021
1004
1030
1046
1035
996
956
966
974
966
935
949
973
931
949
959
945
919
952
864
764
744
699
703
1122
876
697
651
660
651
657
653
661
690
680
654
669
673
680
851