745
678
671
702
749
785
762
785
760
686
687
679
656
661
714
954
842
798
755
797
833
771
704
719
721
773
793
718
694
697
688
664
800
785
709
712
734
718
697
660
660
676
721
701
679
696
823
879
834
750
710
660
646
661
634
633
643
656
682
740
929
847
729
718
687
661
621
610
589
593
611
659
651
640
623
623
634
699
802
861
820
776
735
749
741
725
676
640
631
625
628
626
609
608
618
638
682
736
700
701
728
731
699
665
635
626
628
661
709
732
711
688
702
700
679
645
639
634
639
636
636
647
664
657
674
678
688
656
654
682
693
699
687
718
751
710
679
673
715
761
762
729
741
775
782
720
677
650
650
659
703
718
708
735
741
713
671
641
632
609
625
694
704
689
670
707
795
830
812
744
775
757
728
680
688
711
747
715
716
794
818
790
742
777
783
737
692
710
712
701
683
705
761
826
813
747
707
774
754
807
816
716
645
625
690
755
839
784
783
854
920
915
861
775
724
685
644
628
652
724
827
847
805
774
750
730
716
681
651
638
635
658
757
813
777
729
713
672
695
720
677
646
636
623
620
608
610
632
628
639
654
675
663
772
752
723
665
653
634
621
608
591
591
598
610
649
640
655
708
740
730
675
658
665
680
696
666
659
671
671
667
645
633
648
665
708
699
681
692
686
670
643
638
653
666
681
653
678
686
683
660
696
712
745
695
686
707
695
683
654
668
697
748
725
703
743
802
806
747
706
709
719
776
711
686
724
777
750
731
766
717
695
663
648
650
679
722
761
753
718
691
709
725
725
715
666
638
626
638
673
769
771
705
695
738
787
792
708
654
635
619
611
594
601
619
646
667
661
641
638
649
617
587
576
562
556
563
558
557
551
546
538
538
529
521
510
515
507
501
493
492
489
486
479
484
504
518
576
1010
780
649
836
770
635
655
708
753
733
624
650
679
628
673
728
666
643
582
573
571
587
583
570
566
574
584
582
554
555
570
597
597
600
586
586
612
612
599
571
586
580
564
573
598
659
704
692
696
694
651
619
603
586
565
551
550
559
613
726
833
848
803
786
752
729
670
624
598
578
592
627
748
761
784
801
702
648
624
617
612
607
590
611
628
674
650
643
664
643
618
591
568
592
655
666
635
602
574
570
597
638
734
807
830
770
700
670
662
688
745
812
871
816
776
737
718
716
672
646
646
701
776
812
791
766
708
675
670
678
698
780
842
841
842
807
765
696
657
644
658
726
903
895
843
828
791
782
757
680
643
631
635
699
769
873
857
831
816
776
724
672
652
650
653
675
768
843
818
787
775
757
741
686
650
631
630
637
712
780
818
827
856
851
786
708
664
640
609
591
579
607
701
897
925
886
836
807
746
664
621
602
598
633
717
847
863
762
718
680
671
632
607
586
593
646
748
879
893
889
790
747
703
648
621
606
618
680
768
835
897
899
839
782
695
646
622
636
821
850
859
798
751
703
650
624
612
624
653
724
800
851
836
795
744
702
687
648
615
597
585
592
614
694
764
781
786
751
693
658
637
615
585
572
568
574
602
652
710
710
731
714
694
663
634
611
598
580
563
558
562
593
643
672
694
746
722
704
685
659
639
609
584
566
557
545
542
547
576
667
713
686
699
776
736
708
671
633
616
599
585
584
621
688
859
877
823
752
700
674
639
612
599
607
635
697
754
804
847
832
781
718
695
655
625
605
597
626
697
813
869
889
843
813
717
673
646
619
588
573
574
591
657
745
870
885
808
764
728
670
638
614
587
565
563
577
635
738
868
898
877
851
752
710
665
626
593
576
569
581
645
720
922
892
863
804
747
679
632
598
577
577
589
646
723
857
831
796
732
675
646
620
592
569
565
574
639
711
851
858
855
811
748
697
649
631
616
592
567
561
573
627
729
896
881
845
789
728
688
646
605
582
575
574
600
663
718
750
766
726
681
635
608
588
609
623
656
706
758
767
773
741
680
637
613
595
575
563
566
583
646
766
938
894
845
729
659
614
586
569
568
564
581
647
729
804
866
860
788
707
655
626
612
634
716
820
850
834
795
717
672
646
641
673
778
856
856
820
751
696
653
628
610
615
646
697
799
870
850
805
737
681
638
610
595
597
626
708
826
849
845
808
742
672
635
615
604
620
657
722
814
785
784
714
670
659
676
693
709
700
658
638
626
632
663
748
778
775
787
746
695
655
626
601
589
615
674
729
749
777
738
677
640
615
605
616
648
688
711
703
693
647
618
594
607
948
894
837
791
701
646
622
610
600
591
587
594
652
709
763
790
771
733
687
652
627
615
632
654
703
736
745
718
673
646
628
624
641
682
700
710
675
646
622
613
624
644
680
693
676
652
629
622
635
653
698
724
690
654
627
612
625
651
749
775
811
729
680
646
630
632
652
698
712
692
674
654
641
627
642
677
718
748
748
691
652
639
635
635
654
662
670
656
630
609
599
599
616
682
736
795
798
777
722
669
629
597
578
567
571
600
754
817
804
778
740
698
651
618
580
569
569
629
692
693
700
697
683
642
613
596
584
590
624
706
743
781
778
722
667
633
611
598
602
620
641
658
683
687
658
626
611
605
602
589
576
568
570
577
619
712
744
740
733
688
646
615
587
577
574
581
585
578
581
591
634
666
661
620
589
574
568
559
563
574
571
565
557
550
542
535
531
538
581
676
674
718
718
707
690
652
635
623
611
613
598
584
573
583
612
694
800
801
780
724
667
622
597
587
598
629
675
735
719
719
692
647
621
608
606
616
667
774
855
848
803
737
691
660
656
674
711
719
706
676
667
684
687
682
690
677
637
606
592
589
649
717
799
771
718
681
670
661
675
686
708
706
683
649
639
624
652
688
729
737
719
668
636
610
604
623
668
675
688
674
642
615
605
582
566
561
567
568
584
687
714
798
822
757
688
658
646
646
653
637
611
608
641
681
744
768
762
716
678
642
620
598
585
588
601
604
603
604
619
658
720
816
828
791
758
699
649
614
584
575
577
608
724
816
835
871
883
794
733
672
636
612
610
627
672
791
869
863
800
724
661
623
618
635
669
687
661
660
685
716
710
665
637
631
646
659
713
701
667
648
668
672
664
650
627
607
595
587
579
611
710
804
830
820
755
675
629
590
563
552
548
549
564
631
709
784
774
753
720
698
654
625
596
577
576
587
634
774
859
852
851
834
746
677
654
644
640
618
608
615
619
607
608
637
649
639
591
576
572
597
749
734
728
694
650
654
620
604
590
574
561
565
562
554
572
581
565
562
563
568
577
573
583
594
590
598
620
599
590
590
597
609
610
686
675
661
683
611
625
614
616
595
590
650
695
644
622
669
694
753
698
673
700
882
925
834
766
737
796
885
896
800
722
699
741
887
862
775
773
851
887
789
729
725
782
852
857
806
772
854
876
834
775
828
926
938
866
773
814
916
944
831
757
828
894
916
807
798
823
833
787
744
799
836
851
782
785
841
838
730
675
664
694
884
1000
922
845
777
729
741
702
683
651
661
633
628
648
711
793
721
774
787
729
689
754
825
807
710
718
707
688
938
906
773
805
809
725
691
692
662
748
698
679
738
810
864
784
738
743
721
701
785
762
689
710
736
743
683
650
633
618
623
624
919
884
760
762
746
667
638
601
614
668
745
742
695
771
703
814
888
748
720
762
740
688
702
687
665
638
617
632
678
679
698
759
891
930
801
779
806
780
705
739
773
801
748
922
959
832
881
891
788
865
927
822
874
991
925
888
921
797
800
925
866
902
1012
919
912
946
851
820
892
1001
836
817
1003
1008
868
821
906
866
766
788
734
687
668
659
677
762
885
790
840
882
799
729
797
810
728
834
894
755
856
933
779
802
871
776
778
856
811
730
999
907
846
913
913
771
815
822
767
730
899
942
865
786
870
931
849
796
897
932
880
834
899
900
810
802
882
924
880
788
853
869
788
778
804
801
732
714
773
819
786
721
744
767
760
712
685
667
696
792
824
805
776
835
829
741
737
771
736
687
677
679
652
773
733
753
862
862
760
701
730
843
923
837
765
858
895
843
771
820
946
964
852
825
903
934
795
816
834
787
807
859
880
795
825
844
749
771
769
718
698
704
707
748
742
942
868
775
771
717
673
653
647
658
755
719
687
680
678
700
699
663
682
683
664
680
660
647
623
604
593
574
565
567
586
639
886
808
703
687
694
766
784
738
771
780
800
745
672
665
638
618
634
681
660
684
803
886
775
770
852
853
735
824
911
780
732
821
931
782
770
813
844
733
811
933
908
806
891
954
854
763
885
894
906
799
719
675
640
658
826
1074
1038
952
827
812
888
891
804
729
738
808
884
812
851
903
868
776
831
826
723
795
895
899
805
845
856
814
757
808
848
770
771
856
855
758
733
793
875
814
764
835
861
797
730
720
754
804
899
797
794
894
927
845
757
813
835
795
748
791
792
732
676
728
790
804
723
716
780
806
745
733
776
774
699
664
662
685
757
752
688
709
761
778
735
694
673
717
753
750
704
721
813
841
746
682
669
699
746
770
760
702
769
799
806
714
681
714
881
866
840
876
969
836
737
733
754
740
696
753
849
841
725
732
755
722
668
654
674
727
787
726
696
706
793
828
772
725
786
801
739
693
730
725
689
711
785
844
744
683
695
729
734
661
669
647
661
675
648
714
729
705
800
828
814
817
728
667
638
624
693
1078
998
953
906
833
804
760
678
656
685
769
929
818
820
792
892
986
917
868
771
715
742
813
892
825
859
845
783
722
689
733
827
923
865
804
859
823
760
692
701
836
949
884
823
856
862
827
742
685
666
686
736
768
685
669
669
652
631
616
629
648
674
625
641
668
675
654
656
678
706
761
765
678