817
798
728
766
765
750
754
842
744
856
801
882
822
772
817
731
726
760
811
863
866
828
789
729
862
872
1006
1050
1007
1002
974
949
907
894
882
900
941
963
974
962
929
899
881
887
911
927
888
866
734
823
786
726
736
733
1042
969
972
1078
995
932
918
932
968
967
950
944
914
891
890
944
985
1001
1010
942
909
922
955
982
973
955
909
900
930
960
961
962
920
907
911
942
954
948
944
934
888
770
977
941
946
883
833
788
818
784
797
781
729
746
733
723
711
724
726
713
687
705
685
676
666
683
682
693
685
730
792
828
771
914
854
754
783
826
818
780
916
854
751
908
863
770
824
941
802
813
941
878
746
930
907
821
938
933
795
880
783
874
841
884
813
704
761
754
729
718
728
763
774
735
731
700
715
778
709
726
743
830
852
919
892
855
783
830
823
896
974
938
944
947
935
917
892
858
850
843
922
947
917
917
915
891
858
836
822
822
922
961
906
926
872
852
835
890
873
901
907
934
864
791
769
741
879
890
948
943
917
858
833
813
837
896
931
932
859
829
816
833
870
872
890
850
853
851
840
850
899
915
933
896
872
841
822
799
796
842
905
934
890
886
883
831
783
771
761
786
875
903
926
898
854
802
698
846
794
873
880
928
944
875
820
806
812
871
965
977
920
910
860
753
793
813
923
921
916
915
901
741
758
781
876
869
688
727
703
672
675
667
654
649
641
731
659
646
630
641
632
627
637
626
621
618
639
671
706
763
866
881
891
974
897
832
709
975
909
796
695
728
782
996
939
934
945
864
825
913
919
932
923
866
833
892
915
922
891
854
904
939
941
909
872
902
927
938
914
823
802
856
891
965
901
771
800
812
981
920
870
756
923
930
935
918
793
803
839
850
938
854
729
785
848
907
893
871
721
798
981
901
896
867
769
896
920
926
918
826
814
834
915
905
898
823
690
704
869
988
920
887
832
703
941
888
880
834
720
735
860
942
898
891
845
706
957
910
899
865
748
705
838
888
944
879
846
683
940
865
853
830
777
751
700
812
838
856
850
787
759
696
947
897
869
839
754
681
691
794
994
917
895
802
730
779
846
875
837
811
694
690
788
824
956
879
811
724
757
797
847
860
815
722
760
675
875
920
849
794
714
684
677
785
813
907
854
788
656
668
776
910
836
810
754
721
741
813
813
794
774
717
713
717
675
786
798
842
861
826
731
682
689
820
923
856
854
824
768
757
795
846
849
839
771
700
692
811
959
872
866
818
717
751
770
793
809
839
820
741
767
777
809
846
821
783
774
738
737
744
767
805
838
854
842
778
772
739
812
821
839
828
776
750
715
704
855
922
861
809
766
762
786
796
805
800
754
735
742
771
796
813
809
747
752
756
797
830
812
808
797
726
736
762
756
765
782
749
749
742
791
801
824
809
745
749
715
700
836
898
828
788
733
714
818
918
853
845
750
740
697
803
776
776
782
731
749
743
770
828
827
814
788
734
762
723
848
797
794
767
720
718
712
698
880
891
836
825
716
729
694
701
817
892
795
768
720
710
707
686
686
829
871
824
835
843
702
691
784
815
876
812
777
692
705
673
678
774
784
779
776
744
676
674
687
654
692
888
800
777
744
727
711
688
681
678
677
741
777
810
804
782
721
695
679
681
788
899
827
818
821
794
728
722
688
743
751
771
768
756
730
708
698
679
742
756
769
762
754
721
697
694
657
736
728
750
747
711
679
671
667
783
893
824
819
794
719
736
747
779
789
788
773
756
704
747
755
717
689
687
670
690
776
676
647
639
623
623
633
700
656
654
661
646
644
629
645
646
649
656
674
692
663
668
650
632
630
646
613
599
608
639
671
652
657
679
672
804
749
763
788
677
674
661
670
854
785
813
813
775
701
671
677
890
812
813
802
729
717
721
706
826
819
742
678
672
678
657
670
800
794
731
745
757
709
692
676
667
788
830
790
768
724
702
692
684
834
758
757
728
685
696
696
835
749
726
714
678
683
674
670
761
727
737
745
730
685
666
675
775
779
754
747
734
706
692
685
735
699
698
678
654
664
673
673
649
652
676
674
651
653
659
683
688
719
746
754
726
698
675
680
797
807
760
741
720
687
666
658
673
826
751
751
763
705
693
675
769
784
749
736
723
676
665
654
761
722
710
727
690
670
651
656
775
813
773
747
726
684
726
701
672
648
646
662
675
677
681
685
700
690
677
676
663
656
628
657
698
664
667
651
644
651
655
674
656
651
662
664
645
645
646
640
636
632
629
627
620
623
696
691
734
742
786
812
800
787
763
670
702
836
764
783
813
807
771
758
792
790
780
797
757
752
766
819
818
825
812
805
820
827
786
767
696
855
830
904
903
864
842
814
839
867
871
876
854
826
849
860
872
868
854
832
827
840
865
873
882
900
871
841
839
854
885
889
880
880
854
834
835
865
885
879
887
882
854
839
863
885
878
864
847
832
717
910
863
880
881
884
831
824
819
831
812
804
827
864
886
893
866
847
837
861
886
878
862
848
763
723
720
717
706
722
757
775
806
839
831
801
801
701
934
827
848
858
856
832
827
809
814
856
896
904
870
825
790
778
784
813
879
859
861
840
800
792
713
851
834
888
944
923
890
814
805
788
842
834
832
852
853
799
805
885
876
876
881
865
812
810
801
831
899
904
912
911
872
802
805
823
882
882
871
888
887
860
819
815
874
884
888
891
906
828
816
808
835
905
925
945
908
859
828
821
802
868
931
979
941
939
901
825
816
740
903
897
938
972
936
922
890
838
847
815
858
881
920
914
928
901
840
798
787
800
877
963
958
944
903
893
835
815
726
896
866
917
948
951
949
924
855
831
812
803
849
944
999
932
894
861
823
795
776
791
829
902
946
963
959
925
843
827
804
870
888
885
901
898
852
827
832
810
797
833
900
907
928
905
930
899
857
831
771
778
810
880
892
904
890
860
825
725
870
835
881
919
916
927
854
687
817
654
789
735
728
724
742
715
714
659
724
688
676
695
718
725
637
638
647
744
885
839
829
859