738
804
805
869
986
987
881
821
807
748
747
743
744
739
695
673
663
667
716
886
955
893
911
892
836
796
840
866
778
728
703
713
839
893
950
915
838
871
914
853
870
885
853
858
898
869
874
890
843
831
865
845
835
916
894
838
872
777
793
862
987
939
883
818
856
893
845
892
876
820
842
877
838
888
927
878
900
877
880
905
867
899
916
863
918
913
858
858
883
819
764
705
688
770
803
903
958
890
897
933
877
886
925
889
898
918
867
902
923
876
929
931
867
929
927
875
926
905
893
917
847
885
896
861
930
939
876
917
911
846
844
813
775
806
852
870
1021
1033
953
999
951
879
916
886
824
873
900
869
949
962
890
944
933
867
917
815
769
713
773
898
954
998
905
922
841
867
835
786
737
705
677
717
949
948
987
926
912
910
889
861
908
921
885
904
881
873
924
905
876
888
843
831
841
856
874
930
914
934
956
875
904
893
834
905
937
895
960
967
928
964
930
930
956
903
928
959
909
970
961
906
943
945
922
958
934
905
937
906
888
929
934
896
937
883
876
914
905
857
921
936
884
896
913
890
893
929
900
954
962
918
965
914
906
922
857
912
947
883
934
913
866
928
903
895
924
870
945
918
862
928
904
865
936
963
917
967
962
901
932
926
876
930
926
877
932
954
933
938
915
878
904
855
861
880
840
888
861
848
817
714
663
649
637
640
673
680
658
627
630
616
607
593
596
591
586
583
584
574
577
575
566
560
579
603
685
708
777
789
771
755
706
647
635
649
669
707
740
804
804
817
761
713
684
674
651
662
685
712
795
865
853
841
819
827
758
763
792
867
856
908
910
823
825
884
888
792
761
735
705
709
770
893
909
900
844
756
719
708
746
937
1023
1020
999
968
893
812
738
715
726
835
1040
1072
1051
1029
960
849
841
815
828
806
829
882
901
896
835
804
863
948
1007
990
924
805
769
779
871
1003
1027
1021
974
936
854
765
722
697
820
1024
1028
1022
1020
969
840
770
729
722
933
1059
1059
1046
1021
973
881
800
756
753
868
1032
1009
1004
990
911
820
771
758
810
986
1042
1026
994
936
881
827
786
753
755
817
996
1037
1028
985
930
864
769
718
701
735
865
1001
1007
1008
971
921
870
799
734
710
701
799
976
1009
979
931
854
810
783
771
751
751
758
786
911
994
984
972
947
900
839
809
779
739
698
687
723
809
957
1041
1041
1056
1025
978
917
884
800
742
716
728
830
946
1003
997
926
854
754
691
652
642
645
685
905
969
966
986
966
902
837
794
729
704
681
700
825
963
970
964
937
892
832
800
771
722
699
701
774
981
990
1033
1020
995
931
831
765
722
729
895
1007
995
947
908
859
756
716
695
733
898
953
954
948
901
856
808
729
693
671
688
801
912
968
935
899
854
813
729
696
660
654
716
969
961
953
959
927
861
798
743
711
683
715
877
933
920
901
844
793
739
701
662
637
622
631
650
693
820
874
891
876
843
804
751
702
673
663
690
816
915
939
930
889
854
796
750
675
649
641
668
851
957
939
944
904
851
802
764
704
682
655
657
722
883
922
917
914
901
881
817
734
701
668
664
707
840
862
869
868
840
783
708
675
654
655
719
856
887
926
899
882
838
771
730
714
722
793
835
873
881
878
826
753
720
689
688
725
808
853
884
874
856
816
736
703
677
686
762
866
926
939
899
851
757
714
682
677
745
899
919
909
854
766
708
688
663
674
723
838
846
878
863
828
773
732
688
665
646
638
674
826
933
925
937
919
862
811
733
696
675
674
750
931
950
961
921
880
819
774
693
679
650
660
721
911
937
948
938
896
851
747
706
678
660
688
809
902
931
901
812
727
671
646
628
637
758
919
970
965
919
884
832
761
699
668
661
703
868
989
979
988
992
996
978
932
823
768
750
758
844
983
1033
1004
987
975
954
897
777
739
720
714
807
966
987
965
911
796
726
697
679
745
854
906
968
955
929
886
815
750
723
704
714
800
936
955
953
918
863
785
710
670
639
642
714
963
975
988
956
927
869
762
725
694
704
840
969
989
979
931
851
749
716
695
717
862
939
973
954
913
836
754
720
697
708
832
933
958
925
899
818
746
708
686
707
852
974
992
986
959
920
878
766
714
680
692
831
948
970
971
940
847
752
722
699
754
925
981
962
830
761
731
681
657
650
649
695
912
938
936
940
882
828
780
727
704
685
688
822
957
964
969
924
859
779
713
685
666
689
797
908
1032
1012
990
987
939
886
813
741
708
682
679
796
949
974
960
933
872
774
737
717
709
760
947
975
969
927
874
814
764
713
690
682
697
850
994
1007
1007
943
871
766
724
710
711
814
935
975
970
945
896
841
762
726
701
695
797
930
982
983
938
882
783
727
694
683
712
915
990
1002
974
915
869
803
724
689
660
650
709
980
1017
1012
1017
1005
980
910
803
747
701
693
800
948
968
987
960
902
842
728
705
649
633
640
755
906
960
941
908
805
762
745
755
849
919
957
933
894
836
747
718
693
740
893
972
975
951
877
776
736
724
778
966
996
1009
999
937
883
822
766
718
707
697
777
1021
1027
1044
1019
974
866
771
727
704
791
991
1026
1029
992
974
866
777
732
716
840
1024
1036
1009
990
946
835
764
733
732
859
1012
1037
989
955
917
876
797
788
789
743
762
756
743
732
684
647
688
656
655
643
634
623
611
604
598
591
585
584
580
586
587
580
570
567
564
568
595
626
620
613
635
693
793
737
671
661
641
653
777
981
986
947
913
906
934
900
811
788
773
776
768
812
881
1019
983
978
936
938
934
898
862
881
932
908
832
781
765
825
991
1042
977
826
767
775
794
1011
1012
899
914
979
964
889
872
952
958
910
897
978
999
947
989
988
947
923
983
989
933
921
962
929
865
882
893
781
736
776
942
1020
974
992
952
887
934
974
956
909
948
976
954
881
905
925
876
828
861
893
903
879
875
938
943
927
872
897
921
939
876
854
903
939
913
874
893
941
958
903
885
950
952
899
885
919
920
871
857
913
942
893
861
932
954
915
874
918
902
822
733
700
782
1070
973
956
991
934
923
979
965
916
962
962
924
902
971
966
944
989
994
953
926
986
975
936
940
989
937
891
976
974
938
960
992
941
959
1003
955
921
982
973
923
913
973
920
897
986
977
931
984
980
905
909
955
914
876
944
953
911
913
991
978
940
979
996
951
947
1010
970
922
979
978
937
955
997
962
989
997
937
972
991
935
988
997
947
938
966
844
780
702
703
835
971
1061
1021
1029
970
923
978
979
922
998
984
951
1012
959
932
980
931
917
961
914
928
955
926
955
959
914
954
907
899
942
905
908
960
916
921
960
923
955
918
862
864
835
782
750
701
674
675
688
708
704
701
699
685
661
659
656
710
796
734
711
691
704
775
928
992
986
908
926
925
925
928
915
924
921
916
943
946
959
955
962
904
858
863
857
833
872
947
938
904
843
901
968
832
752
719
752
836
969
1025
998
938
951
953
949
919
938
951
964
924
951
968
934
957
958
898
922
948
956
930
968
968
971
924
946
947
949
928
953
982
973
911
954
954
938
952
965
974
980
979
988
952
973
978
955
988
1004
972
919
945
976
969
924
951
960
952
926
935
947
902
946
980
985
955
989
996
958
979
987
941
952
961
932
967
990
966
929
982
1004
971
964
996
990
945
970
960
914
931
963
977
980
1029
1050
984
1008
983
937
978
983
963
923
985
998
954
977
980
942
960
979
954
982
1007
1003
968
994
1000
949
985
985
939
952
966
945
897
944
969
932
922
961
960
916
946
954
909
922
949
931
925
976
994
941
848
796
821
866
1058
1012
998
973
1005
1009
1008
1020
997
996
991
987
974
974
972
969
951
960
971
929
840
757
716
705
750
907
1084
1030
1009
955
936
888
853
821
816
1025
977
929
952
894
852
801
825
870
977
948
911
937
945
889
910
928
888
937
934
887
936
967
938
971
978
939
985
989
943
948
945
903
930
949
942
965
945
911
964
943
936
955
923
920
949
906
891
928
910
896
926
933
891
934
927
893
914
840
848
824
797
821
802
804
839
840
888
953
923
927
932
885
907
907