670
669
681
688
686
690
680
686
682
685
669
658
655
656
664
672
668
665
673
676
680
676
665
651
645
652
641
644
670
710
727
723
711
689
682
667
659
672
696
745
807
853
842
819
767
740
736
729
725
736
742
714
706
698
692
699
719
754
758
730
719
717
697
680
677
680
702
718
750
733
713
699
688
686
693
697
709
721
719
698
687
677
669
670
682
703
726
745
749
752
726
709
688
685
686
704
713
718
722
705
689
683
678
687
706
713
722
710
697
690
688
701
748
761
748
745
731
719
714
706
704
708
726
759
791
799
770
752
746
734
711
694
683
648
627
618
614
620
641
649
652
657
683
686
704
694
691
680
681
687
704
722
716
717
715
721
726
721
711
705
703
700
699
699
716
733
726
724
723
722
713
710
707
702
696
698
699
705
707
714
719
712
702
699
693
693
701
710
710
705
706
711
715
721
717
708
702
700
693
689
689
682
671
670
671
684
686
684
687
687
673
671
667
668
674
681
699
707
700
705
707
708
705
704
708
710
702
702
702
716
725
720
713
690
677
672
671
689
728
746
733
727
713
707
702
701
714
709
704
689
692
703
709
722
707
703
692
687
682
688
692
702
705
699
692
696
706
724
739
722
719
718
711
707
700
699
690
688
690
684
693
702
698
695
691
692
690
687
690
692
685
685
670
657
644
635
629
624
627
646
708
743
737
725
713
700
682
662
648
642
632
629
647
705
820
813
806
797
775
797
810
775
747
739
733
733
732
744
751
735
722
720
714
710
723
752
775
759
750
752
756
759
757
733
716
706
700
693
694
753
836
809
789
775
772
771
789
763
740
734
718
706
693
681
650
664
677
703
706
702
708
700
695
680
683
683
682
673
685
672
666
642
640
641
625
626
630
622
617
615
615
608
605
598
595
590
585
580
571
566
563
560
561
564
569
578
590
592
601
628
659
682
723
747
768
771
745
716
693
678
679
683
703
706
703
691
689
692
689
693
700
696
681
673
663
662
667
676
687
683
683
685
669
658
652
655
661
673
675
692
715
689
680
670
658
651
647
647
648
651
654
659
658
659
650
643
632
624
619
620
619
627
630
637
633
633
624
617
616
619
626
638
650
650
660
651
646
641
639
645
643
649
646
647
645
632
624
625
629
640
656
664
659
657
647
639
635
638
638
645
641
640
631
626
619
620
619
634
654
660
657
650
643
630
632
630
623
620
614
613
608
611
620
635
661
673
678
666
648
635
623
617
618
624
629
623
618
618
621
623
629
640
651
651
642
633
626
622
625
642
656
659
662
658
645
633
627
625
634
646
671
677
669
658
648
640
637
640
637
640
640
634
627
620
610
607
610
619
633
649
656
655
646
640
638
635
630
627
624
619
611
608
606
615
646
694
723
726
712
710
694
688
684
686
679
673
666
661
663
663
666
671
670
667
662
654
653
647
657
674
666
656
652
657
660
663
678
672
678
682
670
665
657
651
647
649
654
653
660
651
646
641
646
646
660
670
663
648
641
635
622
617
620
633
642
650
646
641
636
625
617
612
610
619
642
664
667
661
656
653
643
635
635
628
630
626
619
616
614
608
607
612
624
640
664
681
683
680
664
654
645
642
634
633
640
642
635
634
632
635
646
670
673
671
659
648
634
624
619
618
629
641
645
649
646
635
626
620
619
620
637
643
646
645
638
634
627
625
628
626
625
624
618
612
610
611
629
646
670
679
676
661
649
642
637
637
639
638
635
633
634
629
633
637
650
646
654
644
636
628
628
624
626
633
646
651
654
646
639
636
635
640
652
664
670
670
664
657
648
639
634
634
641
643
648
642
635
628
620
612
607
603
604
604
605
605
609
607
604
602
604
619
627
648
667
664
666
654
647
645
637
634
643
646
646
648
638
635
625
617
606
604
599
594
592
593
587
581
578
576
582
591
600
619
630
644
640
624
612
601
590
581
574
574
577
583
593
593
598
605
604
602
598
599
601
605
620
624
628
622
615
603
597
592
588
589
596
601
610
619
623
622
623
617
614
616
623
631
652
681
683
683
671
669
666
666
674
682
682
673
667
662
664
660
667
675
672
672
665
656
636
630
630
638
646
653
659
659
650
646
640
636
639
653
664
661
651
646
637
633
638
650
657
660
662
658
650
652
652
653
650
662
662
652
641
630
619
614
618
638
653
659
665
664
653
653
648
645
635
630
621
614
607
605
614
631
651
675
696
683
669
660
652
645
640
636
627
622
621
618
621
621
627
638
644
651
643
638
635
638
634
637
641
641
636
630
634
636
643
646
649
643
644
635
633
625
627
632
631
636
642
643
639
643
639
637
646
652
648
647
644
638
631
623
622
622
623
637
634
630
623
619
616
617
618
620
628
626
626
623
619
615
615
607
606
602
603
601
599
603
608
619
639
643
646
641
629
621
611
604
604
604
599
598
601
610
611
615
627
636
644
647
633
628
620
611
604
604
604
607
608
610
606
609
606
605
610
617
628
636
646
648
641
642
633
629
618
621
627
629
633
629
618
612
612
612
623
641
646
640
641
631
627
621
618
620
621
617
614
615
613
618
631
628
629
628
626
628
626
629
630
631
625
622
619
619
617
625
624
627
633
635
646
657
662
668
660
651
651
641
629
616
606
596
591
585
586
591
589
592
593
598
604
606
602
593
592
582
573
577
591
582
589
614
604
609
610
614
611
607
608
603
596
593
592
586
578
578
575
579
590
599
599
606
612
619
630
632
617
606
604
603
612
631
663
679
699
700
691
702
695
694
690
696
694
703
729
732
725
711
697
681
668
653
640
617
619
641
720
767
774
729
715
708
706
683
693
694
696
701
693
688
682
672
676
703
743
755
759
719
710
716
701
702
724
748
754
741
713
699
690
705
727
729
713
712
708
708
729
788
800
804
790
799
807
806
794
781
753
753
743
748
771
783
784
754
744
741
739
743
768
792
768
755
746
750
748
748
761
742
733
729
725
728
738
744
734
714
714
710
707
721
740
770
761
741
734
726
725
728
732
740
731
729
729
729
739
742
756
741
726
724
719
717
724
753
779
747
731
731
729
729
746
754
755
757
767
767
771
751
738
734
738
744
739
744
769
784
815
793
770
767
759
748
729
722
722
719
725
786
813
796
803
807
801
779
742
733
718
697
688
671
657
657
662
683
728
792
758
746
734
718
713
705
687
682
680
680
677
670
669
668
683
696
723
727
718
707
701
692
683
663
661
659
672
696
719
724
726
717
712
705
694
690
678
675
678
680
685
702
700
697
694
692
697
697
711
695
692
688
678
674
686
694
700
700
708
720
723
730
700
692
684
683
679
693
689
697
699
709
727
741
729
726
722
720
716
712
718
719
712
708
714
719
729
734
750
742
728
729
727
730
733
740
729
729
728
726
734
721
720
723
727
729
736
740
723
723
718
716
712
720
735
740
742
743
757
747
732
719
711
707
700
701
712
716
728
732
735
744
732
729
715
699
693
673
668
671
686
699
705
714
718
747
744
743
722
710
695
688
689
692
695
696
688
684
686
694
698
696
694
695
690
688
679
676
683
702
735
755
755
752
714
696
677
666
649
630
624
639
647
651
676
686
704
703
693
698
709
727
770
775
766
782
799
813