769
769
760
768
813
834
854
858
841
798
723
685
661
652
666
701
742
785
802
777
788
789
828
843
835
800
803
858
893
912
876
880
883
913
896
870
835
814
830
853
890
903
870
853
839
841
849
878
852
820
808
830
871
890
887
868
856
847
847
866
888
863
856
840
820
822
853
851
854
824
795
789
805
825
830
811
817
836
838
844
859
875
873
841
835
801
784
797
828
866
842
843
869
841
838
864
831
768
748
753
748
756
787
798
781
762
780
816
843
854
875
901
890
871
870
884
846
812
803
826
843
828
830
858
818
797
768
771
797
812
811
822
848
845
792
761
752
759
806
837
882
884
931
952
913
911
921
921
873
861
882
891
870
809
813
816
862
842
825
821
850
888
903
891
891
844
816
833
836
821
823
876
911
918
912
859
828
814
793
803
821
893
894
872
859
887
917
916
885
878
880
846
813
807
801
795
814
837
882
845
860
874
839
859
887
918
938
911
931
944
910
894
895
880
864
873
850
809
837
871
891
857
847
876
878
851
809
825
811
816
841
861
874
838
800
795
777
814
864
904
880
850
884
872
808
811
852
848
814
832
834
828
791
810
810
812
798
799
801
718
713
769
825
849
840
812
779
768
796
832
890
911
918
955
884
765
749
751
755
770
818
831
830
806
796
794
785
784
811
838
822
792
780
788
832
839
874
865
840
839
857
916
922
860
918
931
894
899
929
908
854
836
819
777
753
719
740
756
774
765
706
677
673
651
661
653
649
639
636
638
650
641
644
649
657
652
651
674
688
703
694
730
754
753
755
719
748
836
869
881
856
830
849
846
863
837
831
858
893
913
901
850
799
834
893
903
887
842
825
840
785
730
795
854
903
907
893
833
783
800
844
909
938
926
872
815
784
777
814
855
871
876
869
857
788
718
708
712
775
851
870
883
840
805
816
829
820
808
805
809
842
873
887
860
805
782
786
818
815
825
869
819
804
837
841
815
792
792
787
816
854
861
824
787
772
788
817
848
871
839
812
804
802
849
881
865
813
742
706
677
667
657
643
627
617
642
699
694
746
744
698
685
656
664
690
760
842
846
849
878
863
820
778
739
727
724
745
750
752
787
784
795
788
802
811
802
780
748
719
722
723
745
774
794
785
758
752
767
757
766
755
758
763
770
776
807
813
804
781
762
750
757
733
695
671
652
623
612
617
642
688
724
756
726
697
667
684
737
771
772
776
801
806
780
793
783
752
730
724
746
727
736
784
820
836
808
783
764
752
773
802
836
835
807
818
838
849
862
842
821
813
777
771
766
794
781
754
713
695
688
690
695
729
761
796
812
823
798
773
776
790
794
799
792
806
805
818
809
830
820
790
755
723
716
739
746
753
746
738
748
769
808
817
823
799
763
724
695
674
657
642
629
614
624
670
729
752
792
813
834
833
810
773
781
788
790
791
774
779
799
810
841
832
779
765
767
773
783
766
731
715
716
723
741
756
791
810
798
778
753
745
746
769
771
784
795
826
843
870
840
819
789
771
768
746
725
716
738
750
724
744
762
776
778
740
702
705
714
725
750
768
772
780
756
754
749
742
753
787
837
793
795
809
829
824
825
784
750
755
767
796
824
881
856
851
854
841
799
777
781
750
767
801
836
873
881
850
795
795
784
740
705
694
675
646
622
635
690
723
776
783
813
798
842
835
785
755
727
731
740
771
850
876
891
858
819
820
838
837
828
822
772
783
756
723
701
698
702
711
740
780
831
852
807
778
771
755
733
705
684
673
663
675
692
713
725
772
783
793
808
841
817
841
836
804
783
805
811
805
796
720
707
721
732
765
801
846
828
780
764
746
725
720
743
732
780
791
814
841
817
792
765
738
749
757
759
774
783
770
773
767
765
752
749
762
785
797
803
803
772
771
736
714
691
684
682
671
700
713
750
751
779
810
848
836
826
846
822
826
837
811
779
744
705
688
675
663
652
639
647
707
716
741
778
839
849
776
755
776
771
788
859
886
896
879
875
884
889
874
818
804
805
839
835
831
828
772
762
746
746
753
751
753
740
756
779
800
823
851
859
825
804
806
807
794
784
753
778
784
798
799
763
758
778
815
843
862
873
856
856
814
786
770
776
804
838
857
839
819
794
792
794
800
805
792
792
802
832
847
850
832
778
763
752
759
785
801
819
856
884
867
849
825
769
737
740
715
672
652
655
653
654
645
639
633
624
617
603
597
593
587
589
593
596
603
610
618
631
644
650
676
705
759
804
836
833
857
804
754
764
814
874
909
864
865
867
896
864
819
801
793
844
943
912
880
840
789
787
798
805
856
920
939
926
914
854
831
821
805
811
812
794
849
895
897
866
834
838
843
851
831
806
801
801
777
797
827
879
879
877
860
873
867
840
803
810
818
814
811
850
879
944
910
915
939
924
878
843
866
867
848
858
900
896
860
890
923
874
827
854
886
855
862
896
925
875
867
857
843
815
814
849
850
858
835
841
863
884
891
817
790
792
802
798
800
819
858
853
841
841
807
793
784
790
777
765
799
827
855
834
841
870
861
870
849
829
829
871
883
887
857
826
824
833
832
813
794
837
859
888
843
857
871
879
858
863
860
835
817
792
835
871
898
889
844
800
771
749
723
756
776
832
854
830
813
801
778
752
759
760
786
809
812
809
802
803
813
811
819
794
837
864
874
839
813
824
841
860
840
880
883
919
878
878
884
860
834
861
895
896
872
910
910
889
905
944
909
871
920
912
869
876
934
935
896
912
936
890
884
885
862
802
813
843
894
861
836
855
896
835
782
777
781
780
790
814
854
842
820
822
839
815
776
811
872
888
887
872
880
835
797
798
831
834
854
866
845
798
792
830
863
842
814
846
861
809
780
770
774
753
758
778
820
807
779
751
691
673
647
645
656
681
702
749
757
753
784
808
806
790
764
791
802
806
836
860
892
903
859
869
856
835
777
732
735
829
917
982
924
860
823
795
821
837
934
863
849
874
879
856
876
843
768
750
740
704
690
690
708
721
703
688
666
655
644
622
626
646
691