750
434
437
4647
896
906
836
753
701
866
801
766
756
755
833
967
991
997
1021
992
953
929
819
729
673
708
750
930
1053
1033
1015
974
929
909
841
739
699
765
893
950
915
914
1013
982
897
847
953
1023
1001
981
987
980
916
852
910
973
1043
962
887
843
918
967
889
800
728
695
749
960
1021
1030
1024
959
895
847
888
937
974
885
824
815
938
968
947
912
894
805
792
834
924
926
882
884
833
764
845
820
816
738
731
695
707
887
918
920
912
823
750
729
727
729
865
919
936
871
851
888
860
815
762
695
668
692
728
930
1013
1027
1025
999
976
889
800
770
892
1053
1034
1037
1027
1020
952
854
787
866
1040
1083
1061
1036
953
811
701
688
737
944
1063
1013
1019
1001
893
790
813
873
1033
1028
1035
947
874
880
934
954
969
986
900
823
893
961
966
854
807
851
907
908
839
868
940
1006
973
928
841
784
812
913
989
997
935
856
806
892
933
915
880
840
795
770
787
942
1003
982
878
757
708
747
782
850
898
913
857
797
758
771
863
910
948
905
870
855
836
827
790
732
722
771
830
944
924
836
785
819
833
861
836
817
827
765
733
784
814
838
852
857
779
726
707
709
817
906
958
956
884
783
766
796
842
840
834
853
814
814
777
787
810
807
740
717
715
705
772
892
940
981
984
929
818
734
675
649
650
677
772
910
935
932
902
811
738
722
799
839
896
884
882
885
878
830
773
764
798
834
848
861
873
849
746
722
734
735
756
744
756
767
738
794
840
873
889
860
795
733
706
735
789
878
854
817
758
744
771
791
838
827
777
791
829
898
901
835
817
782
758
718
766
804
800
785
784
812
813
746
813
830
892
893
850
813
796
846
904
848
734
766
818
809
797
812
857
865
820
791
794
742
772
798
803
808
872
817
846
871
832
805
874
874
791
869
854
799
853
766
715
781
894
867
814
821
771
727
661
651
645
656
724
903
937
920
832
779
801
879
907
861
909
939
877
840
915
932
847
793
885
926
895
799
791
790
776
719
691
669
654
716
942
829
716
683
619
600
612
580
578
578
572
572
571
568
561
548
547
540
534
532
532
532
540
555
554
542
533
540
562
618
723
806
833
802
821
855
826
784
861
883
828
758
715
852
992
946
875
871
940
951
857
796
862
900
862
813
771
843
966
968
934
865
761
709
739
888
902
915
920
877
804
752
834
897
911
899
774
708
711
825
1022
995
915
872
774
719
724
794
828
854
780
775
852
854
826
856
803
706
692
715
753
716
651
637
643
661
790
1028
976
951
870
763
761
829
867
896
899
795
733
720
808
922
947
920
830
745
705
735
903
938
952
891
767
707
684
716
822
870
865
839
789
727
740
865
891
890
882
864
805
715
711
784
847
797
717
660
668
681
669
701
815
834
824
826
770
714
686
683
750
822
832
825
820
763
722
729
791
815
841
849
797
747
723
725
826
851
865
834
756
729
708
1456
965
933
884
791
713
684
674
724
771
810
821
749
710
704
784
814
796
761
680
656
660
668
688
775
797
721
671
613
616
601
608
623
661
687
814
916
889
890
854
733
700
669
674
802
826
856
861
806
748
711
725
824
859
859
830
746
695
705
742
809
872
854
875
786
709
686
727
842
843
843
854
825
742
761
855
880
872
826
761
716
751
898
910
883
765
689
643
643
648
709
871
905
913
871
793
734
717
769
786
778
770
726
710
719
750
834
847
854
870
802
741
720
749
818
907
921
854
751
736
844
810
873
861
850
831
837
807
729
688
674
660
686
799
865
901
896
838
737
714
738
771
758
715
693
705
742
1001
959
951
908
772
698
696
785
878
869
781
715
656
663
676
732
847
887
855
766
719
700
727
787
832
825
831
760
714
690
703
789
838
901
903
813
739
732
781
810
799
753
706
696
663
621
625
621
643
751
823
855
832
750
704
684
707
787
812
828
791
744
741
786
833
848
829
809
762
757
729
685
646
641
690
863
975
986
904
860
940
954
950
893
777
727
707
771
1021
1037
1002
949
813
747
796
839
868
862
822
751
751
837
840
785
745
669
649
656
696
857
924
907
875
807
730
759
841
814
777
717
697
701
710
805
875
851
797
768
732
720
792
842
862
814
729
694
731
851
855
803
769
719
717
769
848
874
842
782
723
723
754
782
729
691
661
649
646
623
633
676
671
649
641
647
685
725
748
701
669
666
686
713
728
730
683
683
690
774
811
745
691
646
638
658
682
735
811
801
754
732
813
862
868
783
739
737
847
883
822
766
741
829
904
915
900
796
756
803
844
852
834
761
766
856
879
835
782
712
646
648
663
751
1008
989
949
878
737
716
737
807
850
876
873
814
782
917
914
881
772
729
729
808
854
838
754
719
736
729
822
902
931
860
784
831
857
873
877
776
756
823
878
898
821
769
770
911
928
928
813
733
802
854
762
711
690
711
809
874
847
862
766
726
759
823
814
744
692
665
696
714
745
909
936
845
768
796
820
791
741
720
679
687
769
875
884
833
749
746
838
877
902
846
740
726
803
830
846
809
730
722
767
840
934
906
831
775
712
660
620
611
599
604
587
632
674
685
3104
595
592
568
563
575
570
573
563
572
563
557
548
540
535
528
519
514
508
499
495
491
491
508
597
654
808
607
671
842
834
1007
1017
1013
901
972
934
911
1023
1076
1073
1033
894
760
1015
841
1021
996
1049
1041
976
834
690
743
862
1049
1019
951
824
695
679
740
782
1077
1022
1053
993
986
957
884
871
829
831
1000
1021
1041
1035
996
982
877
762
806
774
737
837
1075
1050
1045
990
924
920
965
1040
1037
1036
931
766
736
872
1071
1031
1022
1030
871
723
807
975
854
788
818
994
1051
1038
1047
1025
1010
918
777
726
767
935
1080
976
1011
962
840
765
749
850
1014
1039
1020
1021
970
865
738
672
670
688
699
723
1074
1045
1050
1038
988
908
812
771
736
681
697
775
909
834
779
738
785
898
923
927
901
862
835
846
818
811
821
817
829
807
790
735
687
725
785
759
821
885
994
982
870
766
742
736
802
779
757
721
713
735
980
979
958
947
924
800
705
661
667
715
777
838
862
885
854
814
755
763
812
837
806
805
804
758
692
698
721
744
940
1016
1001
1005
965
799
693
716
727
728
711
701
833
1089
1040
881
755
792
816
768
737
699
722
969
968
958
942
889
751
762
748
774
891
983
1038
1022
1025
967
785
850
924
990
1015
980
930
832
754
696
743
771
809
833
847
829
912
886
838
819
755
767
882
809
751
727
775
838
813
718
794
773
743
858
898
947
931
891
894
858
845
859
841
866
878
804
771
792
948
972
971
889
779
822
865
891
903
916
902
897
929
920
895
899
823
733
695
697
746
836
922
908
920
914
928
845
771
751
829
883
892
905
882
827
746
704
685
690
736
855
949
979
948
941
869
770
817
813