907
891
876
919
917
940
952
901
903
876
791
755
747
766
811
804
764
747
732
700
685
673
679
700
720
723
754
868
954
1010
913
835
870
924
981
896
820
840
886
957
1030
1048
953
925
867
914
1023
1065
997
998
1042
1048
1021
976
1003
1001
1021
993
973
1010
1032
1020
986
987
995
975
965
968
977
950
953
968
966
922
955
963
955
913
927
944
928
896
933
940
953
933
958
955
911
886
858
822
750
775
818
802
913
1062
983
937
958
997
1002
947
959
971
978
954
988
1022
1019
991
1009
1003
972
994
1009
970
949
999
1006
991
933
980
984
986
964
988
1016
982
984
1011
1028
996
1009
1017
999
968
1003
1021
976
997
1019
1007
962
1002
1004
970
975
985
1012
974
1018
1022
1011
1028
1054
1030
971
1007
1018
999
988
1007
1021
972
997
1001
980
982
1003
1010
963
981
986
983
947
974
988
971
977
1009
999
954
979
987
962
964
976
958
938
967
971
936
946
979
979
948
979
982
954
965
981
992
951
981
984
961
968
997
1003
959
985
1002
980
985
988
971
936
957
985
980
969
997
988
939
979
981
971
953
978
979
940
945
968
966
944
999
997
965
968
999
979
931
943
953
924
813
791
800
886
1034
1032
898
876
894
886
841
856
892
973
933
949
1036
1043
962
1005
989
894
854
852
834
776
761
735
740
731
727
722
696
693
689
681
684
705
723
749
750
745
753
780
786
800
857
918
879
896
880
807
768
871
1027
979
974
945
907
944
969
981
907
888
951
970
979
945
891
904
948
979
963
909
901
944
953
934
883
881
936
958
971
924
887
918
950
958
953
902
884
917
908
917
850
801
802
833
911
963
859
832
875
934
951
864
806
785
811
884
965
903
840
854
906
953
950
854
816
847
905
973
925
836
801
820
893
962
939
858
823
931
938
959
900
858
833
862
941
995
923
835
831
875
1113
980
922
942
963
978
963
896
871
823
878
1066
904
877
911
952
999
996
929
883
816
835
907
1082
988
913
896
940
973
977
926
875
805
804
857
946
970
854
798
809
852
913
931
848
800
787
816
896
946
882
811
768
760
765
825
874
852
809
788
809
863
933
920
836
784
768
770
799
851
838
794
771
773
794
845
917
800
771
766
779
840
911
941
892
807
771
763
770
847
937
905
819
777
762
796
905
1056
1017
955
890
847
835
883
934
887
818
783
798
854
926
928
866
801
763
751
787
883
969
871
861
824
816
890
958
954
878
800
762
748
772
924
1029
1013
864
809
827
898
1107
1026
961
896
918
880
946
983
856
812
807
832
952
1034
950
856
836
851
900
917
832
793
767
739
743
813
883
907
831
821
854
910
980
852
803
787
794
871
929
927
821
781
770
778
887
1011
877
810
784
791
859
948
909
821
784
793
866
1016
1018
914
865
791
792
854
943
877
814
776
786
817
869
902
834
763
745
729
726
785
916
991
948
854
787
760
758
805
893
920
919
806
765
746
743
808
883
905
831
776
746
738
759
824
863
860
806
757
726
707
701
723
787
839
860
800
761
727
715
718
771
819
836
830
779
743
707
688
687
709
775
822
824
795
732
705
684
671
672
714
789
842
836
806
751
721
692
686
709
761
806
827
790
750
715
695
694
733
778
812
798
746
717
702
704
734
771
789
767
733
710
697
692
717
703
688
669
654
653
643
630
621
631
640
636
641
659
713
795
820
780
721
704
690
695
763
849
860
854
790
750
734
751
779
810
800
780
750
729
729
763
806
835
798
773
752
740
762
824
885
865
796
756
737
738
784
813
815
772
743
718
702
697
744
820
875
828
782
740
728
729
779
830
855
800
761
726
719
740
807
865
880
813
773
755
749
780
815
824
788
766
734
723
737
781
826
855
816
772
744
736
762
790
811
781
749
729
732
780
870
920
858
805
772
783
810
846
872
844
795
787
831
1004
953
871
833
787
745
719
715
699
679
664
649
637
624
617
613
624
661
676
669
658
683
731
812
835
813
760
706
685
667
665
700
769
860
867
809
769
739
747
779
825
882
835
787
751
744
763
845
916
821
779
750
749
767
828
865
792
744
713
691
700
729
728
706
686
672
660
649
638
628
629
653
718
767
812
765
737
706
682
674
660
656
654
662
671
682
680
670
652
652
657
667
694
733
808
850
860
884
880
872
903
903
847
881
899
900
888
887
870
839
832
778
769
751
748
750
739
751
786
820
857
827
797
803
853
990
926
908
881
906
871
873
896
925
913
911
911
905
932
881
848
878
885
886
866
836
796
792
852
944
910
845
825
810
870
970
895
842
839
869
915
941
854
807
789
806
817
842
807
759
734
735
782
835
817
777
719
692
674
659
651
640
644
663
659
678
727
781
803
760
742
749
733
767
862
971
973
855
802
796
831
863
855
810
778
770
800
848
828
802
796
823
880
890
825
791
788
825
859
856
813
799
813
850
877
844
818
820
829
854
883
896
871
809
778
774
825
860
855
819
837
851
864
855
805
795
772
761
746
725
738
732
730
799
896
948
846
851
834
854
822
791
793
830
858
876
886
893
874
803
772
760
790
828
859
872
881
876
854
841
854
868
880
896
893
885
849
793
774
776
814
862
912
871
807
789
798
847
909
909
824
804
812
876
920
902
857
805
792
809
832
862
829
787
777
796
839
860
834
789
756
745
783
818
814
777
746
749
794
833
831
789
759
748
780
825
860
894
896
828
801
798
823
852
881
899
822
768
734
746
834
977
874
854
895
902
905
912
858
851
832
833
871
860
816
796
816
877
923
911
833
805
813
844
886
832
789
787
833
879
913
899
827
778
769
801
854
878
892
843
789
769
784
853
1001
951
940
934
915
862
858
800
815
859
894
860
813
759
762
748
753
822
917
1005
922
868
859
842
821
819
822
820
790
771
774
784
763
755
747
755
754
759
770
757
770
785
805
840
833
852
891