790
795
823
795
717
723
925
934
1039
883
776
1019
989
760
706
756
1155
915
847
813
850
1155
996
805
736
819
912
951
1024
833
832
1056
1021
932
769
722
1073
1075
950
815
840
894
1088
887
805
882
892
1076
863
889
872
859
819
848
1079
968
830
733
800
1053
906
784
886
901
1003
852
926
909
752
729
810
1055
923
796
853
1010
926
785
764
946
1047
860
740
775
949
846
959
811
931
971
808
737
771
985
913
779
831
987
950
808
753
829
1040
952
798
781
870
1052
806
774
1024
944
820
812
874
1012
902
760
745
919
1012
867
785
861
950
832
752
797
1023
908
761
769
862
843
776
833
1055
991
808
784
748
727
894
896
998
794
771
896
896
969
822
894
845
818
823
874
1088
891
814
833
840
843
979
820
939
868
1021
797
863
902
874
1029
840
893
955
861
816
845
896
1105
1010
913
818
861
883
1063
833
778
825
979
831
917
1022
982
806
745
803
1023
884
774
872
1024
834
772
811
881
847
939
856
856
794
756
864
1019
857
784
828
950
803
753
829
1017
945
788
783
894
978
799
736
786
1036
933
840
893
1086
964
806
840
851
1028
829
825
874
1031
860
844
878
1009
864
865
846
970
759
781
856
762
787
845
981
991
954
854
882
855
829
810
885
1120
878
813
840
914
1043
854
850
898
1020
880
848
862
1028
885
876
906
1046
890
865
886
1055
762
687
681
814
1158
834
877
1163
875
841
812
729
706
680
676
656
646
663
664
640
648
640
625
605
597
602
596
601
644
672
731
787
819
851
975
946
855
781
772
777
819
847
897
733
808
909
882
978
901
847
832
784
819
874
1094
858
809
854
883
1089
893
790
789
811
901
1186
1104
1022
893
810
791
836
896
1136
1028
909
793
730
759
1004
950
1036
1155
1078
933
780
715
709
950
957
1178
1087
996
844
805
792
790
854
980
1128
1062
934
765
725
799
1041
961
925
830
805
824
871
910
1023
771
707
697
796
1081
1037
899
806
808
854
887
910
1066
826
730
713
805
970
984
1076
928
824
857
904
932
1021
781
716
709
854
1073
1008
920
813
743
828
1055
997
880
745
708
770
992
940
919
979
776
798
967
992
929
812
722
748
916
953
905
758
698
713
829
967
940
809
717
746
912
989
893
794
865
907
831
763
726
801
922
918
822
777
861
892
855
800
723
709
775
934
911
818
885
925
903
835
745
752
788
862
785
746
798
870
832
756
711
710
766
979
968
873
751
732
851
938
876
832
806
831
871
905
950
829
735
700
717
923
967
938
860
757
714
766
924
900
911
753
705
718
855
998
956
874
782
766
928
907
883
845
846
878
886
962
774
714
762
926
942
892
804
761
699
703
744
779
732
762
864
923
907
809
725
721
807
977
775
702
672
645
641
624
659
706
717
723
740
719
656
657
654
658
689
668
653
660
702
776
782
742
708
706
769
893
852
739
708
698
729
737
782
763
737
716
731
832
879
766
733
715
738
767
835
792
758
813
878
887
946
732
699
690
703
828
938
823
759
781
898
958
823
781
782
741
717
663
643
641
687
821
930
804
742
808
898
792
759
814
848
774
722
755
788
826
729
707
703
739
757
731
798
905
821
738
698
683
707
978
956
817
825
868
888
979
802
832
873
807
827
931
900
795
725
706
778
869
846
758
739
871
911
850
750
744
809
911
813
729
714
756
881
939
790
729
730
824
936
816
752
812
924
885
771
736
800
908
857
796
865
850
772
725
767
863
879
784
799
901
900
798
771
824
856
779
729
758
815
904
804
781
876
951
846
752
749
830
919
820
727
713
767
854
803
749
826
979
890
763
806
839
827
739
734
777
753
675
677
701
830
923
816
784
854
858
779
738
739
837
879
793
782
838
883
780
785
828
834
775
828
863
846
815
900
912
798
720
734
811
836
794
851
969
862
820
868
872
751
715
760
888
847
854
944
946
800
812
831
801
754
803
894
813
848
900
841
776
798
889
918
767
716
746
852
873
741
718
825
958
860
772
806
909
909
878
731
692
673
741
919
899
864
803
850
867
773
726
742
864
950
842
801
855
864
776
741
787
849
774
761
793
833
802
777
832
851
742
694
691
737
884
817
782
876
1019
903
758
769
879
849
792
700
702
739
688
702
726
753
720
678
687
688
681
642
644
646
642
636
601
607
604
600
597
595
603
608
597
599
594
599
625
619
645
662
648
616
595
613
613
615
603
607
601
629
634
663
729
713
704
701
765
807
814
776
776
779
720
706
732
1055
850
1024
792
778
845
928
965
819
776
898
1040
934
775
742
810
1054
1028
929
817
787
994
1063
954
796
771
875
1117
857
804
854
885
1131
963
833
941
870
885
1066
883
938
872
841
861
1117
1029
963
851
801
1053
1017
912
856
882
970
881
767
762
1081
1025
910
774
751
842
1000
886
1017
760
748
1046
993
813
806
858
872
1087
846
867
915
890
844
886
948
903
831
827
873
931
863
807
794
839
891
921
840
788
792
808
803
724
711
730
870
882
873
810
789
825
860
840
801
840
861
873
822
800
849
884
919
834
814
863
894
849
805
802
834
906
825
786
839
934
931
828
847
895
900
837
789
796
853
884
768
751
760
855
891
802
783
811
791
773
772
840
868
1068
877
840
849
820
817
865
1129
936
840
879
1092
926
858
866
851
832
886
1152
910
859
880
851
888
1153
922
850
887
1125
911
872
882
869
920
1143
969
879
890
1125
991
884
883
905
842
900
1197
1030
870
888
1108
974
854
878
897
1085
934
1027
1015
836
807
843
893
1108
978
954
885
857
827
833
874
1116
1001
849
813
951
877
847
853
1088
1039
978
832
838
938
977
933
786
814
1049
1014
895
813
846
866
1062
930
871
863
849
831
903
1030
806
772
798
743
693
712
755
1072
1000
867
828
848
872
889
1008
818
793
812
842
790
753
879
1079
1042
932
800
793
746
722
737
794
766
851
806
821
850
772
747
749
746
703
754
850
870
824
836
799
743
709
688
652
659