841
822
803
790
800
793
785
796
755
752
747
704
706
693
717
747
756
734
734
784
864
870
872
873
852
805
775
773
818
911
996
999
931
965
971
914
843
831
936
1069
1000
973
906
881
886
888
928
1090
1106
1066
1047
1000
920
909
960
1091
1081
1060
1051
980
917
912
995
1041
1012
999
956
903
951
1044
1030
1008
999
964
912
876
915
1057
1072
1047
979
946
1024
1031
994
934
913
899
951
1022
1017
999
943
899
892
938
997
995
1010
951
894
896
910
1010
1032
999
954
938
924
962
994
980
957
903
885
900
996
1021
1002
960
904
887
927
987
967
932
875
861
905
987
1048
1001
928
955
955
896
840
808
811
825
826
814
806
825
879
1005
997
1001
949
905
892
923
1007
987
948
913
866
859
914
988
950
933
909
881
889
946
939
893
878
847
828
862
981
988
956
916
862
850
862
924
940
964
920
889
859
838
850
909
930
940
897
861
866
921
967
970
954
895
887
913
986
971
941
930
921
940
983
961
940
906
871
900
926
949
923
922
873
854
882
946
923
899
915
890
843
811
794
795
780
776
790
784
805
870
967
985
997
961
943
907
895
917
991
1005
1019
1008
998
967
932
888
921
1001
1027
996
978
962
903
859
848
881
978
1053
1062
1052
1019
948
922
926
960
1013
1036
1017
981
993
912
858
880
898
925
833
820
776
753
741
714
701
695
693
683
688
707
702
711
735
754
763
764
780
793
791
797
792
814
835
851
814
832
887
928
945
916
885
839
802
796
841
890
919
893
844
850
833
834
817
794
763
742
722
703
691
697
696
692
695
714
804
961
945
953
927
891
852
793
763
744
744
795
874
997
1018
1009
1001
951
861
862
814
771
784
801
848
871
847
831
815
814
835
864
894
960
998
980
917
837
813
812
841
914
925
902
859
845
858
929
922
901
900
867
815
808
795
816
892
949
937
882
830
813
823
910
949
952
923
887
827
812
841
883
906
920
890
824
807
798
813
879
902
895
903
844
810
811
826
875
895
895
905
847
817
811
834
850
870
856
835
794
780
794
845
901
909
908
850
834
883
885
864
848
805
775
761
800
826
856
856
846
820
794
788
821
848
871
858
835
802
786
804
828
851
852
840
798
775
773
813
843
841
849
822
779
769
781
808
836
830
824
793
760
753
792
798
796
797
798
767
759
789
809
840
837
839
790
767
766
791
826
851
854
861
818
793
793
836
854
867
850
830
791
781
808
793
809
811
807
775
760
785
810
841
853
857
816
786
801
827
841
832
824
823
788
815
841
830
802
782
741
722
715
743
776
853
865
857
809
781
778
812
829
852
833
823
791
793
821
824
815
791
767
750
750
762
823
870
885
890
881
847
811
814
809
801
793
790
763
768
787
845
889
904
893
835
815
855
861
852
845
824
777
756
758
770
801
819
836
794
780
807
817
822
817
831
803
768
769
806
825
843
856
834
792
780
807
826
849
850
834
800
774
801
825
832
832
818
781
755
802
800
826
826
800
775
764
797
813
821
826
818
781
774
796
800
820
817
808
767
748
744
806
811
813
787
783
780
813
848
866
840
815
786
775
809
822
829
817
773
767
776
788
801
800
788
762
767
796
799
801
802
763
756
762
781
798
813
824
784
774
793
819
838
838
817
781
774
797
807
812
813
815
775
770
799
810
813
813
782
768
782
784
790
793
799
764
760
774
786
801
800
769
750
745
762
763
783
788
767
744
729
745
718
719
734
725
735
772
821
846
837
818
782
769
792
793
802
800
785
757
755
789
803
821
825
805
788
805
804
818
813
813
810
765
777
777
781
765
753
729
727
753
769
796
809
782
768
780
789
808
811
803
779
775
813
833
831
823
789
793
820
825
814
800
771
758
760
795
784
784
785
778
763
791
784
767
750
726
703
700
694
682
696
714
700
707
724
797
860
878
866
808
798
839
839
844
839
810
786
797
813
819
809
800
758
753
767
774
783
777
759
757
800
815
820
801
774
747
736
755
762
769
747
729
716
731
730
764
747
734
740
773
785
782
780
743
724
732
736
752
758
753
732
730
763
783
787
761
733
728
736
733
730
728
707
696
720
721
741
746
722
709
714
745
753
757
747
753
750
754
757
737
727
720
699
673
699
708
713
674
689
672
660
663
649
644
622
622
629
641
646
659
703
666
727
735
817
815
819
821
811
828
808
785
766
776
807
852
862
872
943
980
971
955
925
872
849
799
844
856
830
843
875
904
879
863
883
889
862
839
826
828
853
882
907
919
896
891
858
859
842
821
815
816
804
768
756
746
738
740
814
901
852
803
826
838
866
950
940
973
974
965
907
886
885
899
930
990
997
976
955
894
880
873
890
911
940
997
1014
985
944
893
883
880
897
949
970
972
942
893
894
864
851
855
869
942
966
961
943
908
896
887
936
998
989
998
1004
1008
980
965
913
880
880
896
924
983
985
958
953
931
901
861
861
872
888
959
978
974
989
977
953
913
892
880
894
937
968
952
913
864
838
804
796
845
910
893
944
894
832
867
884
882
882
929
1001
990
947
909
939
1013
1060
1078
1052
968
889
839
809
814
850
1078
1210
1128
1048
1050
1096
1123
1101
1117
1070
1034
1028
1060
1097
1087
1068
1064
1011
982
924
912
980
1084
1049
1023
1021
965
930
959
999
987
959
979
956
956
936
996
1023
1018
997
968
920
897
894
938
990
1021
1014
983
975
961
945
928
907
869
818
838
831
906
858
860
865
897
902
864
867
859
884
954
1003
1002
993
980
918
873
854
830
819
873
1009
1061
1020
964
972
1046
1046
962
896
931
929
898
899
968
982
940
924
936
1035
1073
1090
1106
1037
961
979
1033
1054
1063
1058
1087
994
974
1007
1085
1123
1108
1065
985
917
924
895
875
837
817
823
799
761
758
732
729
738
743
756
786
776
775
764
772
769
784
801