678
676
686
723
779
816
821
796
780
737
707
688
656
658
653
649
645
639
641
659
766
777
816
777
761
806
840
806
757
784
802
886
959
952
958
894
850
886
914
963
936
885
949
970
978
936
849
845
910
949
1005
906
868
941
965
990
916
868
842
898
927
888
858
868
924
969
975
907
854
861
857
860
847
818
867
900
931
888
894
958
968
899
870
917
915
902
881
844
852
911
951
943
903
859
882
916
916
758
734
738
710
708
691
676
673
680
695
707
730
712
769
807
792
778
808
809
790
782
763
729
714
712
717
759
792
853
856
808
767
749
742
732
712
720
760
760
772
823
842
853
854
827
787
764
771
765
772
768
755
751
752
728
707
700
699
718
738
774
806
788
774
738
750
769
792
799
820
789
757
770
804
798
798
761
739
736
758
766
750
712
725
715
729
781
837
864
882
871
833
781
787
810
836
848
823
795
793
819
856
893
892
842
804
822
824
856
850
833
791
792
817
857
862
842
799
770
760
793
821
833
826
810
773
763
790
824
842
842
851
857
820
771
763
787
828
842
846
858
827
793
799
845
871
880
866
868
807
770
757
774
810
890
911
910
868
823
825
855
875
889
871
860
816
794
823
866
863
853
808
787
809
818
842
837
810
806
828
845
850
808
789
813
790
778
732
729
732
729
738
773
802
802
770
784
828
855
835
813
786
774
810
836
854
860
852
858
807
765
788
816
854
764
751
822
877
831
848
833
781
736
704
690
682
669
687
704
690
690
684
690
665
655
661
663
656
641
626
643
684
765
844
866
794
875
897
915
842
789
775
776
801
818
797
766
739
759
815
904
901
790
764
832
892
867
905
833
761
747
789
834
872
868
830
792
765
769
818
894
945
925
903
815
775
802
799
824
842
801
769
805
842
828
835
823
832
829
797
771
735
701
672
664
656
660
748
874
906
915
880
794
806
846
871
857
827
795
813
826
825
824
770
782
834
911
938
936
826
752
735
773
864
935
939
907
797
763
791
834
910
945
933
837
793
819
867
917
957
920
808
780
817
905
942
957
962
877
794
769
795
852
916
946
916
820
785
817
859
913
922
862
819
815
855
883
889
868
811
752
747
765
791
854
843
770
758
821
889
892
897
788
752
794
815
867
802
745
729
767
819
896
896
802
768
822
828
851
798
741
727
762
805
862
793
766
796
891
908
881
809
757
734
779
936
928
916
849
773
755
803
859
892
867
790
775
841
885
910
885
800
769
801
820
827
821
757
730
780
814
908
908
800
737
772
772
784
757
738
714
689
674
673
732
842
952
901
787
774
855
964
1008
941
856
795
737
738
707
691
684
663
662
674
766
946
948
806
765
884
918
851
836
769
724
707
712
738
782
758
735
740
715
726
713
715
712
707
690
693
693
693
692
687
694
688
681
696
705
734
713
715
853
867
854
806
766
738
726
711
706
713
731
710
710
713
804
889
859
845
767
750
764
733
727
725
718
708
688
680
676
685
725
796
802
823
803
765
764
853
939
1021
909
806
797
821
886
903
851
847
899
942
965
958
872
831
851
901
959
917
821
802
796
813
879
869
802
804
870
918
882
887
819
800
818
845
837
858
815
786
843
941
972
904
824
795
843
860
848
771
737
750
797
895
948
859
808
766
783
885
896
886
824
767
752
752
752
784
824
835
807
755
747
787
813
829
818
755
746
785
814
844
800
756
753
771
837
886
904
834
796
813
841
841
853
796
779
846
880
913
872
800
782
833
868
922
911
854
853
909
923
907
873
802
792
845
903
941
843
806
810
861
932
949
864
806
804
798
833
792
750
730
706
688
687
754
822
834
813
763
762
813
836
861
878
865
803
776
806
832
868
887
877
819
806
814
813
857
843
780
746
755
791
837
846
786
771
831
815
803
767
781
741
729
745
782
835
839
839
798
762
751
745
783
879
823
802
776
725
711
719
713
703
769
777
769
785
778
799
796
785
770
737
715
717
702
738
793
854
813
793
786
792
815
813
771
749
719
718
705
714
727
729
745
702
690
680
667
661
680
978
889
914
847
773
735
714
726
731
717
761
710
680
688
682
721
790
854
810
733
722
761
775
775
767
741
727
761
771
783
770
749
749
745
756
807
866
935
951
891
806
764
767
838
936
995
995
967
868
779
769
836
896
885
899
909
811
791
739
708
703
682
680
675
671
673
657
656
686
678
662
664
686
739
835
876
860
919
878
827
797
763
725
722
701
708
723
732
833
899
902
831
806
772
741
720
700
694
720
716
731
758
706
712
724
714
712
713
703
686
680
668
656
644
644
658
689
735
751
794
846
844
757
759
772
764
714
708
734
679
668
665
672
647
675
747
745
715
717
763
764
737
739
779
814
863
901
862
787
824
853
813
799
793
868
863
845
863
842
784
737
728
713
700
685
728
746
771
793
814
787
758
776
870
893
912
891
850
788
762
815
941
1060
1012
1018
947
903
906
917
918
924
896
882
934
931
926
877
843
829
825
773
776
784
785
769
733
800
855
845
817
852
854
873
823
797
785
786
785
792
798
820
856
900
906
891
869
878
852
777
731
720
705
682
695
1007
944
911
843
814
771
729
729
717
738
730
731
721
751
759
789
794
805
858
866
868
859
848
801
768
788
824
904
926
932
886
837
826
858
881
899
904
918
891
878
848
825
860
893
931
938
919
889
844
837
848
861
850
826
764
784
801
809
813
871
904
914
898
840
800
769
737
735
762
825
882
913
913
910
878
838
835
841
856
863
876
880
867
841
819
844
859
868
868
842
820
822
837
865
896
906
897
903
893
863
853
867
877
878
891
886
850
820
792
790
785
775
774
767
789
822
841
863
858
847
813
777
771
760
761
738
713
743
758
780
781
789
805
815
826
835
836
826
800
774
783
815
850
868
854
856
819
806
797
826
829
846
859
826
795
782
787
809
811
822
831
806
785
773
802
816
821
832
833
805
762
742
760
802
846
843
815
771
726
714
683
676
668
653
642
633
629
628
623
615
616
614
612
604
603
629
641
627
632
624
618
643
884
914
951
953