655
629
610
601
617
636
666
691
706
713
675
636
625
605
617
628
638
629
602
603
602
616
611
610
604
620
633
653
610
596
597
605
610
618
614
615
618
626
627
604
609
605
593
592
590
599
623
643
659
662
669
664
653
653
648
641
624
609
609
624
642
629
633
626
624
609
627
630
616
618
624
661
657
665
659
666
679
678
660
669
649
649
645
658
646
670
700
699
676
689
694
676
639
629
626
636
655
669
685
700
705
649
628
608
585
580
569
575
585
600
585
597
626
641
652
665
677
668
646
642
648
661
668
673
666
668
660
652
637
655
657
680
689
701
716
706
700
693
691
685
688
707
718
695
678
673
673
683
667
633
623
611
598
615
624
628
617
607
624
675
723
700
687
655
666
647
653
651
666
675
682
669
675
671
646
646
649
644
637
639
667
694
697
703
707
697
671
652
652
649
649
646
645
621
621
626
645
661
668
646
656
653
668
646
647
638
637
626
590
604
607
646
649
659
653
648
663
656
649
632
640
652
640
620
597
587
579
572
572
588
595
599
629
631
608
595
586
606
620
623
630
630
625
603
609
597
611
605
613
606
620
622
619
620
630
628
646
653
645
645
635
630
623
600
602
601
619
651
657
646
628
626
634
639
646
638
632
628
631
627
634
633
625
612
612
620
646
630
627
623
623
616
629
637
667
637
632
634
637
633
638
653
645
642
623
626
633
646
657
637
637
621
626
630
642
641
646
630
639
635
620
616
622
629
630
621
628
633
635
629
623
629
625
641
637
634
622
612
600
598
604
614
629
626
646
637
636
642
640
630
636
637
639
635
646
646
631
611
594
592
584
579
592
610
640
661
652
661
675
648
644
647
660
653
646
627
621
618
617
623
609
599
626
685
766
748
745
719
696
686
674
668
638
636
636
644
631
625
657
688
664
658
674
683
670
664
669
663
629
615
618
663
679
662
640
647
647
655
625
635
631
638
622
622
613
605
591
589
595
606
613
607
597
599
592
592
591
590
591
601
619
624
625
627
605
593
580
580
609
629
632
620
635
625
621
629
625
598
585
587
605
633
643
640
633
633
640
659
659
650
653
639
657
655
634
636
631
627
625
613
604
596
602
606
607
600
589
578
583
611
610
603
589
589
592
609
636
639
632
637
667
674
661
636
625
628
616
621
642
677
660
669
659
662
656
696
732
709
689
683
699
665
648
655
661
662
648
655
631
620
622
635
622
625
627
644
653
637
633
633
634
646
633
646
639
627
633
636
632
639
654
655
665
661
661
647
626
619
613
611
610
607
606
609
603
594
589
599
614
631
646
636
623
630
640
637
627
623
627
623
621
615
619
619
616
617
604
595
613
633
618
611
610
625
633
624
598
600
584
595
604
615
621
637
630
628
630
631
624
624
613
605
603
590
597
609
639
663
671
678
642
652
662
680
687
688
679
665
666
666
659
647
643
637
648
675
654
663
651
646
638
628
643
640
639
640
647
648
638
648
649
648
634
631
623
619
599
597
602
610
621
626
628
620
617
611
605
599
600
604
595
595
593
584
578
574
580
575
573
574
583
597
612
615
617
613
611
621
633
633
615
603
595
595
601
595
590
589
595
601
616
603
604
606
611
603
591
587
590
611
625
612
615
618
621
620
624
615
604
604
609
604
609
610
617
620
629
624
630
623
626
612
602
595
598
616
604
596
589
583
573
587
604
599
598
606
618
616
602
602
604
596
595
593
599
594
587
600
608
605
598
601
603
604
594
600
608
624
634
636
645
635
648
629
628
631
630
622
627
644
656
657
640
644
637
630
629
641
643
625
630
639
641
636
620
611
603
611
614
618
627
637
629
638
644
646
649
648
638
617
618
619
609
614
618
614
623
626
632
627
621
604
604
608
604
609
617
631
628
616
615
615
616
607
610
605
606
604
605
621
648
673
652
654
624
622
620
625
629
641
623
613
615
612
609
603
602
600
620
617
629
631
636
652
688
664
633
622
611
613
609
602
615
629
625
623
609
598
589
594
582
573
570
556
561
570
564
564
563
569
564
563
554
547
551
551
551
548
542
541
545
549
545
538
548
550
566
584
589
606
645
667
667
664
666
719
711
705
680
637
627
644
666
650
635
658
685
704
668
656
684
699
684
656
656
676
695
688
660
663
677
681
658
653
680
690
685
658
651
665
679
671
661
656
673
688
670
645
637
624
646
637
623
614
606
598
591
630
820
758
709
731
740
671
644
632
633
645
642
640
668
696
729
694
686
689
691
681
657
654
668
663
649
645
661
688
712
667
658
663
697
690
651
647
661
655
639
632
646
645
649
629
624
638
645
631
622
641
638
621
616
620
631
639
626
619
634
661
649
638
641
653
646
631
631
631
635
626
611
610
615
636
629
626
635
668
696
658
639
647
646
636
627
628
639
643
639
653
652
645
635
639
641
652
627
622
620
620
617
609
603
603
597
589
583
583
574
573
586
600
596
613
646
666
652
638
630
644
639
648
638
620
603
588
591
624
654
669
663
649
630
614
618
627
624
607
592
594
606
611
610
605
611
609
618
605
604
609
614
599
594
603
612
626
612
615
618
630
627
614
619
621
628
616
606
604
600
614
612
602
607
611
610
604
602
605
617
604
594
600
599
583
573
560
556
563
583
612
621
604
603
608
622
614
604
610
620
626
608
608
625
642
634
622
633
649
661
638
646
661
666
637
636
641
656
644
658
662
654
645
645
646
643
623
610
604
596
588
578
607
601
601
597
609
628
650
637
620
625
627
637
629
620
618
635
647
661
642
632
625
644
667
663
645
631
621
624
642
638
642
637
632
628
641
661
659
644
624
614
606
605
615
624
614
618
625
645
665
681
653
640
639
659
646
646
627
627
628
647
652
673
650
644
659
674
682
646
637
653
673
686
655
640
632
641
679
656
642
636
623
614
613
624
625
611
602
591
598
605
629
624
604
594
590
591
592
576
566
567