612
605
609
602
604
595
604
615
597
604
614
595
607
631
633
660
676
684
670
651
630
636
737
717
762
753
745
720
648
649
653
771
759
754
753
746
661
671
646
699
687
687
713
742
715
658
681
718
735
747
739
720
659
683
687
726
726
729
720
659
669
678
705
710
707
677
668
686
720
721
715
672
676
681
697
737
720
734
718
685
711
764
758
768
696
711
706
724
783
762
766
768
738
696
714
750
777
781
774
703
727
762
798
797
777
710
722
722
771
795
780
709
730
796
776
780
727
728
715
707
716
736
792
767
748
738
695
700
701
707
726
794
772
782
773
730
737
707
702
703
711
759
752
746
689
698
699
705
720
773
742
743
705
702
702
718
786
775
775
775
728
724
717
699
756
804
785
782
771
709
711
710
720
728
795
767
737
733
735
722
731
782
749
746
690
698
700
720
773
747
751
715
699
683
724
709
750
733
722
737
687
687
647
753
750
747
733
676
676
721
750
721
721
671
690
702
757
744
748
672
705
742
731
717
677
692
729
730
716
686
686
705
760
732
733
668
687
703
754
732
729
672
681
725
722
717
668
678
682
717
730
722
724
731
675
690
667
758
730
737
741
737
676
674
719
755
750
769
770
745
679
687
729
764
744
758
743
681
695
665
740
759
749
751
761
748
674
687
667
787
777
747
756
745
710
686
699
707
766
742
763
763
755
692
699
698
705
734
737
738
735
713
679
698
732
748
750
753
742
687
699
698
705
745
735
747
736
680
733
749
755
761
753
748
700
699
699
707
760
787
823
822
803
780
682
741
734
801
803
781
749
681
700
704
742
745
716
650
672
671
662
800
690
649
643
631
625
615
613
612
603
599
603
598
603
619
618
616
608
604
606
608
606
604
596
593
588
585
591
604
626
709
716
744
735
662
677
750
724
751
721
696
789
769
704
696
739
780
753
752
675
731
784
754
768
686
705
747
804
782
779
703
721
782
730
736
716
671
693
710
778
782
794
753
685
735
767
827
782
760
742
683
688
677
666
659
633
620
610
611
604
605
600
607
619
627
646
660
683
688
687
665
649
647
660
699
729
769
750
731
697
658
681
682
690
759
802
793
818
788
747
674
704
709
722
740
766
754
739
716
681
660
656
654
695
775
770
779
752
723
662
686
665
673
701
717
731
727
695
668
652
672
671
676
682
672
662
640
643
649
697
741
755
755
731
705
664
661
650
662
690
697
707
695
672
648
645
640
649
706
709
717
714
693
668
651
651
646
652
672
688
691
697
682
658
657
662
684
676
681
674
663
645
638
635
645
678
695
707
690
671
650
647
639
646
680
680
678
676
661
636
630
630
650
670
671
687
668
649
644
642
645
673
716
717
721
705
670
658
655
649
658
678
691
692
688
670
650
652
646
653
671
685
702
696
681
652
642
642
643
652
646
657
661
656
637
638
637
680
668
659
684
685
664
644
638
635
642
631
634
642
644
637
626
625
624
632
641
647
685
700
669
656
663
663
690
693
712
680
659
644
641
645
611
610
620
640
633
620
616
626
630
639
648
665
672
652
641
635
644
652
655
669
676
670
646
644
652
641
630
618
613
604
602
598
603
598
594
607
616
617
608
610
617
635
642
673
705
698
672
664
641
640
645
645
653
655
643
630
632
617
605
604
605
605
606
592
590
597
597
591
587
580
579
586
580
569
570
575
573
572
572
573
577
582
585
594
624
648
652
636
617
606
610
616
632
658
698
710
708
680
654
631
660
656
667
670
691
699
692
660
636
648
643
647
637
671
698
707
684
646
666
663
680
678
695
680
664
636
630
630
622
637
643
679
694
654
642
644
634
633
642
655
642
653
650
634
632
622
623
618
616
605
608
619
623
621
615
611
616
623
627
655
688
690
666
659
643
632
639
638
643
637
658
676
662
646
646
650
657
647
643
648
637
631
622
624
622
622
608
617
620
620
607
594
604
608
607
608
626
642
629
625
609
600
607
610
611
611
638
651
657
665
625
623
634
617
623
633
639
645
623
623
631
639
656
684
679
665
635
636
642
616
608
613
617
609
611
625
623
626
631
632
619
613
618
618
606
613
620
623
613
611
615
625
627
639
659
657
648
624
631
637
629
637
643
653
639
624
626
627
641
628
632
644
656
644
621
623
611
609
618
623
626
627
625
608
617
625
632
664
768
759
692
674
693
668
684
679
647
638
651
646
639
643
638
625
620
631
645
648
646
634
619
613
619
610
598
592
588
589
580
583
596
598
588
592
614
617
617
613
635
650
646
659
661
654
626
634
654
636
635
642
639
621
612
627
616
618
635
645
643
623
631
636
650
658
689
705
699
660
656
668
674
661
657
646
640
653
660
646
646
651
644
623
628
644
629
629
641
653
636
646
670
664
671
662
644
646
654
660
642
646
647
637
621
628
637
634
630
642
656
648
622
633
636
649
645
649
647
629
628
637
640
641
642
661
666
635
637
641
648
636
619
601
591
581
597
593
574
570
573
573
572
573
571
581
591
581
596
627
656
647
615
621
632
646
679
701
743
719
687
658
644
652
646
635
633
640
653
631
628
648
646
665
707
696
659
648
628
622
623
614
614
624
609
613
619
616
622
616
613
622
643
654
659
662
666
670
678
687
689
680
673
704
772
844
856
831
802
785
796
771
739
729
751
732
726
729
721
712
726
718
708
695
683
671
674
678
691
729
748
748
740
732
706
705
685
697
719
714
702
698
698
685
688
682
668
655
657
650
660
668
688
656
638
650
658
673
712
771
825
816
806
763
723
685
740
744
766
785
797
747
718
721
729
733
737
727
706
676
663
666
751
839
777
787
775
739
711
681
727
735
753
734
710
697
691
701
717
729
725
722
732
729
711
693
667
680
705
725
759
750
722
670
675
693
725
745
756
750
729
730
735
720
723
725
716
709
720
738
754
762
739
727
725
728
736
737
732
710
718
732
753
758
761
729
729
739
747
754
749
746
745
738
728
722
714
734
764
786
777
784
755
734
742
743
751
738
729
726
713
704
723
751
779
720
688
731
726
722
722
744
758
762
731
727
748
749
750
731
729
731
726
734
748
732
745
749
745
750
723
700
728
732
752
776
771
749
730
723
732
743
747
750
725
716
711
715
733
763
775
771
745
750
758
756
764
763
755
743
722
712
677
726
733
779
830
830
813
806
784
746
703
754
747
780
775
755
748
720
713
706
710
735
742
737
754
733
717
716
726
746
726
731
697
667
675
681
687
708
738
765
751
765
778
750
735
719
728
735
768
761
755
752
726
722
677
728
720
761
804
783
777
771
740
736
740
759
781
811
785
799
777
756
742
743
753
752
751
726
688
675
719
708
729
740
755
762
761
752
736
729
719
731
736
738
735
727
714
707
721
745
750
744
749
738
720
688
752
734
776
771
766
741
739
753
761
762
741
732
722
731
740
737
730
724
726
723
721
727
733
753
772
791
804
784
788
777
778
748
707
741
684
696
658
681
650
631
621
615
604
593
587
583
593
592
594
585
585
582
579
578
582
590
591
601
619
646
680
681
722