848
857
853
843
882
851
840
811
812
789
780
794
765
789
776
769
767
744
729
735
741
771
802
829
809
818
829
827
837
841
842
849
838
835
841
828
842
854
834
862
848
836
842
822
828
815
804
826
819
836
852
841
862
849
828
828
804
821
816
811
824
831
825
848
831
838
830
813
824
810
812
820
812
823
826
818
835
829
825
830
823
837
826
814
831
820
816
820
782
758
739
726
705
709
736
742
749
783
775
770
787
786
776
801
791
807
804
811
826
814
817
823
801
813
812
799
825
802
792
816
805
797
813
813
821
821
794
814
801
788
801
793
787
805
795
814
829
830
843
815
813
817
789
803
791
780
817
805
808
843
839
828
829
750
731
729
700
717
698
690
680
687
680
685
718
750
756
821
828
852
842
835
813
847
852
811
834
831
862
870
866
881
868
839
848
834
836
814
788
810
820
802
859
834
838
850
825
840
820
824
863
862
885
896
837
856
881
847
858
860
840
860
843
849
866
839
869
842
819
826
824
808
823
806
816
832
816
854
845
828
845
846
829
863
849
826
842
820
818
844
827
839
856
838
860
859
830
862
834
857
849
830
844
838
826
836
822
846
846
818
837
821
813
841
828
829
835
821
835
820
808
816
810
806
830
818
817
830
813
828
820
823
842
824
800
813
804
791
832
815
818
842
824
829
826
801
784
773
771
790
797
790
811
809
797
815
823
819
764
734
718
729
739
748
776
793
793
822
797
776
802
801
762
771
788
771
802
795
790
787
782
809
785
768
743
757
753
758
753
743
725
717
690
688
697
729
777
817
830
834
839
830
802
3086
735
741
731
717
726
776
792
829
909
884
846
853
848
844
866
856
845
838
818
824
850
870
861
886
882
855
857
887
888
857
905
916
841
800
771
760
763
774
759
742
739
744
753
771
776
807
821
840
866
869
874
854
844
1557
750
783
798
767
747
752
758
785
827
856
826
836
856
885
911
909
902
898
893
894
896
904
870
869
873
870
890
868
872
891
924
914
874
819
818
815
810
779
771
800
846
872
888
867
862
854
841
854
868
809
791
797
779
782
800
837
838
847
867
848
840
818
791
772
787
771
745
741
725
714
710
748
776
810
841
846
859
897
887
880
897
897
889
884
868
873
852
841
857
842
854
866
859
854
873
856
859
862
875
894
890
894
907
896
868
874
875
874
872
858
855
854
834
833
853
849
860
877
874
895
913
879
866
875
868
862
860
856
855
867
863
865
871
854
843
842
834
836
837
839
845
864
845
849
836
834
828
826
821
816
823
846
831
851
842
855
854
861
876
861
851
810
785
787
784
812
824
804
778
759
734
729
756
790
807
846
871
877
865
865
867
863
840
854
883
855
854
839
829
832
830
826
797
771
771
802
818
875
894
932
892
848
829
841
824
837
844
842
847
836
849
813
802
804
830
782
765
754
745
737
751
775
817
831
811
811
818
827
845
863
874
836
839
902
882
837
815
829
853
863
891
889
890
911
932
910
900
896
907
898
901
884
870
866
861
841
844
856
856
869
893
871
860
847
850
856
854
853
864
868
870
867
862
865
864
852
846
855
854
858
862
857
858
864
862
859
866
844
857
863
852
835
808
782
784
799
823
858
883
937
918
887
885
891
885
856
857
846
862
870
875
876
867
844
827
821
814
817
839
861
866
875
882
880
863
869
862
878
874
876
858
850
851
854
858
855
856
858
849
827
823
819
816
832
832
828
837
832
821
811
825
835
852
856
864
851
851
858
845
833
835
821
820
832
830
845
849
853
860
830
803
803
808
810
823
847
866
873
857
858
840
830
842
844
831
858
866
870
878
863
855
849
835
845
858
854
858
861
856
860
851
833
784
755
738
725
722
758
760
735
757
764
774
806
823
785
775
771
777
774
776
790
796
798
794
773
771
755
764
800
804
818
818
808
803
799
786
771
776
784
802
807
828
823
818
822
827
827
807
772
754
736
717
712
727
748
764
793
836
809
816
830
835
833
841
827
796
798
783
751
745
762
779
794
824
840
841
845
825
818
813
774
745
743
752
780
789
796
813
792
756
768
792
808
799
807
804
791
801
818
811
820
864
838
870
785
768
746
736
760
802
832
856
835
807
800
848
861
839
838
825
839
784
789
757
729
733
773
824
835
850
861
845
873
897
881
891
876
865
822
786
819
858
868
919
893
893
825
803
778
753
733
748
778
812
868
894
887
906
913
841
805
787
785
773
776
813
829
853
885
881
897
910
883
892
872
864
867
840
870
866
884
895
880
890
896
831
824
817
801
818
813
791
806
825
829
846
863
835
868
869
864
878
860
874
872
871
881
861
869
864
852
872
861
855
859
832
808
835
813
806
826
854
824
813
791
778
767
775
778
782
785
815
821
837
816
818
808
788
781
794
792
794
799
812
813
803
830
826
818
792
785
778
789
784
806
803
811
815
832
820
802
822
829
827
841
847
822
821
833
831
837
845
831
841
843
817
824
819
813
825
829
840
854
854
849
861
861
852
858
848
826
837
821
803
820
836
842
885
887
870
874
846
849
865
852
864
871
872
887
918
887
891
879
870
891
892
887
891
861
886
891
865
874
871
854
866
874
866
890
882
871
892
881
895
873
838
866
864
849
878
882
878
901
884
866
890
867
853
872
896
879
894
883
844
856
874
870
900
897
869
871
857
849
878
905
853
854
863
852
861
890
865
867
874
854
868
879
867
886
878
864
888
877
858
889
878
875
890
909
872
856
814
785
790
794
800
837
881
909
914
877
861
873
864
850
860
847
859
865
863
870
866
849
872
862
845
863
868
868
884
866
895
904
884
902
886
866
907
906
878
884
854
876
875
861
885
893
866
893
875
855
881
874
893
906
931
833
789
748
752
786
783
750
745
734
728
729
742
756
765
777
797
812
826
856
860
835
841
869
861