660
659
657
650
663
684
708
711
696
695
679
662
654
642
632
624
618
612
610
613
630
661
700
730
744
736
714
706
709
714
711
719
723
715
707
702
701
717
709
702
696
712
712
712
705
706
718
723
720
710
708
711
717
725
724
716
718
719
698
701
695
689
688
694
695
696
699
699
697
692
703
695
698
698
701
700
703
705
704
703
712
709
699
700
702
692
694
692
688
690
694
693
690
692
695
693
690
687
686
678
675
673
672
670
675
672
667
674
677
678
684
682
676
675
672
666
664
661
663
664
661
666
668
679
678
675
670
666
666
662
658
660
662
660
668
686
692
694
692
694
695
691
691
691
687
687
685
683
683
683
681
682
684
686
685
687
688
687
686
685
684
686
686
683
690
693
688
692
690
684
682
682
680
675
678
678
677
678
678
679
680
681
684
686
688
692
697
698
693
690
685
683
676
674
666
665
664
665
665
672
672
677
678
682
680
683
683
687
684
692
691
687
692
689
689
688
686
689
692
699
695
692
693
691
688
687
686
682
678
677
678
672
676
676
673
676
676
675
682
678
674
676
676
678
676
679
679
676
680
1362
674
669
670
670
666
667
671
672
672
676
679
683
680
688
688
685
684
682
679
680
677
678
679
681
678
677
680
680
678
681
679
678
680
683
683
678
682
678
680
681
685
683
683
685
684
688
683
687
688
688
688
687
689
689
691
694
690
692
691
693
694
692
689
688
688
687
688
688
688
689
693
694
691
688
690
691
695
692
694
696
694
697
696
704
695
698
702
699
696
697
698
695
695
697
698
701
703
701
699
695
697
695
692
693
689
688
688
692
692
695
695
689
687
685
679
676
674
673
670
669
668
667
685
700
716
721
715
707
707
691
691
531
755
675
646
651
642
635
625
627
618
620
611
610
613
614
613
618
630
627
624
624
626
629
630
636
641
646
651
658
665
671
674
672
672
673
681
682
683
682
684
687
687
684
685
690
692
696
697
700
704
705
696
688
683
680
679
673
670
666
674
695
714
729
728
727
719
716
707
699
695
689
688
688
687
688
686
689
688
698
704
705
715
716
717
704
696
712
700
693
700
688
692
695
688
684
686
680
679
682
687
680
676
677
682
680
694
694
700
695
698
702
703
699
695
689
688
686
682
680
681
687
693
696
695
701
696
689
686
685
692
696
698
706
708
700
692
688
681
681
683
679
680
680
681
677
671
669
664
665
666
669
674
676
677
676
676
672
670
671
677
682
685
687
688
688
684
675
669
667
674
681
677
679
678
678
676
672
672
682
693
689
688
690
687
688
681
676
680
681
678
679
684
685
685
688
688
702
696
694
692
694
689
681
681
685
692
687
693
696
690
687
685
688
688
688
691
695
690
688
682
676
671
672
668
665
669
670
671
669
663
664
667
675
674
681
688
693
692
686
681
678
678
676
680
682
689
685
681
683
688
691
684
688
689
688
677
675
670
676
674
682
681
683
689
681
675
672
678
678
676
677
680
682
686
688
684
682
685
685
688
691
691
687
684
681
676
683
687
686
688
688
681
677
676
678
676
677
680
682
681
677
674
316
1049
676
670
666
665
663
659
653
652
654
657
662
666
668
668
666
662
667
667
667
667
671
676
671
668
663
662
666
665
669
669
669
668
665
663
664
668
673
679
685
687
683
677
672
674
676
675
671
672
666
664
655
650
646
654
665
678
684
688
690
693
688
688
691
689
686
688
685
678
670
666
672
673
673
676
679
677
673
666
665
674
674
678
678
684
685
681
678
681
687
681
684
687
687
677
676
676
679
681
684
689
695
692
684
684
682
682
684
688
688
690
685
688
688
689
693
694
694
695
691
688
679
675
679
680
688
691
691
686
680
679
682
681
683
683
682
679
677
677
688
681
686
688
685
679
675
674
681
682
680
687
682
678
671
668
672
669
668
669
672
668
663
662
664
665
665
669
671
666
662
662
665
666
667
671
672
670
667
663
663
664
662
664
659
657
654
656
662
660
665
670
671
671
671
669
672
668
672
673
672
666
664
665
670
671
667
666
669
666
662
662
663
663
666
667
668
664
660
661
666
669
673
679
681
678
678
677
682
682
680
683
680
675
672
672
672
675
679
682
680
682
678
688
688
692
697
700
696
692
696
699
692
688
690
688
685
685
686
684
685
685
681
672
669
671
672
668
670
672
672
667
662
666
666
662
665
666
666
662
660
660
664
665
668
670
670
668
667
667
1343
667
665
661
664
658
662
669
673
677
677
675
674
674
676
676
678
677
678
673
677
680
676
678
680
678
674
670
670
670
677
677
672
672
667
666
672
671
672
679
684
682
679
683
686
687
692
691
687
681
676
675
672
672
669
662
658
655
657
657
657
658
660
662
657
657
659
671
674
678
683
681
675
679
688
688
693
700
693
686
683
685
680
681
684
679
675
672
678
687
690
686
688
688
685
682
685
689
689
691
690
693
694
693
691
693
688
683
678
679
681
677
679
679
675
671
673
673
676
680
683
678
673
681
676
678
681
678
671
667
671
672
676
683
683
680
679
682
683
685
688
684
684
682
673
671
667
663
661
653
636
637
629
629
629
1255
339
292
629
630
632
631
633
639
633
635
630
632
632
634
639
650
655
649
649
650
648
646
639
637
633
633
637
647
653
662
669
679
697
702
700
698
703
714
714
701
699
695
695
694
685
684
684
688
687
683
681
674
675
673
674
669
664
656
652
650
646
648
650
659
668
690
695
706
728
726
729
712
711
706
702
702
697
697
697
698
702
700
696
688
685
685
688
686
687
685
687
688
688
688
679
679
674
672
670
666
669
671
673
678
677
681
680
679
676
668
313
1029
661
644
636
635
637
641
648
658
665
667
672
671
670
676
684
693
696
694
696
692
688
684
679
678
676
673
677
683
684
688
688
691
683
680
681
682
676
671
667
668
667
667
663
665
663
664
668
656
659
664
665
666
659
658
656
654
656
656
658
656
662
670
688
692
693
699
708
704
703
709
698
696
693
688
691
694
693
694
694
699
699
699
702
705
702
708
710
711
715
719
717
715
712
703
697
697
693
697
700
705
706
701
694
698
691
687
682
687
686
684
687
689
694
694
693
690
687
682
678
326
1038
675
669
670
675
680
689
700
701
712
709
712
709
732
744
730
718
713
708
698
695
695
693
690
687
693
702
698
699
703
708
707
708
696
690
685
685
679
680
677
675
675
674
673
678
670
678
681
687
688
681
679
675
670
668
668
666
669
670
683
684
688
689
689
694
698
697
698
693
692
692
694
697
696
707
699
697
698
695
692
691
696
695
692
691
692
693
694
697
697
699
698
697
689
682
688
687
687
688
686
686
688
704
707
703
704
704
699
699
697
694
694
693
691
690
687
689
692
691
689
688
688
688
687
687
688
686
684
682
677
675
674
671
676
679
680
677
680
681
676
666
667
668
671
668
668
664
666
666
665
664
666
669
671
673
673
674
673
674
672
672
677
672
672
674
676
688
685
682
684
689
696
697
710
706
708
709
703
702
699
692
688
681
675
663
1330
661
647
651
654
651
654
652
646
648
652
655
669
662
666
672
667
672
677
689
706