760
756
770
773
793
795
775
798
787
768
735
723
722
721
717
714
711
714
727
738
750
739
734
741
751
763
768
754
751
759
762
791
799
776
784
786
787
759
743
748
755
773
778
760
767
773
797
773
741
732
721
736
1536
772
771
800
818
813
778
749
747
743
740
740
720
718
714
726
746
756
751
765
779
814
818
777
755
753
749
767
774
761
764
774
802
824
787
768
783
790
805
801
771
759
771
774
789
782
765
761
759
775
798
785
758
757
757
768
771
749
752
768
785
814
815
791
788
786
785
776
748
730
728
729
757
820
826
814
816
825
838
806
771
768
767
758
771
764
757
772
776
808
807
775
770
775
779
797
785
775
777
787
794
813
801
778
771
772
795
809
787
778
793
808
841
810
775
765
751
734
733
723
728
746
768
794
775
771
780
787
778
760
753
758
770
814
813
793
806
820
865
862
813
801
807
834
854
817
815
827
830
835
791
766
763
780
799
835
803
798
804
803
819
791
770
782
789
816
797
766
762
766
805
834
806
782
783
789
807
817
785
757
754
754
759
776
765
757
766
785
813
788
765
768
764
777
805
769
742
749
743
759
772
769
761
753
755
762
781
788
763
741
734
729
746
796
888
854
813
818
839
854
855
812
780
769
769
784
828
819
794
792
799
817
836
803
780
787
788
800
813
787
775
783
798
824
818
780
778
776
788
806
792
777
783
793
812
816
777
761
763
777
802
802
771
771
780
813
841
831
802
783
809
814
845
832
788
779
784
807
807
780
752
752
743
731
699
703
688
680
658
656
645
624
618
621
613
611
610
613
618
609
596
598
591
589
595
603
620
680
738
729
770
812
825
790
771
751
735
724
744
776
758
744
743
775
813
820
792
758
754
752
750
773
775
752
744
756
763
771
792
763
741
737
741
748
779
801
782
767
771
787
786
785
764
760
758
761
771
776
760
757
763
767
768
756
743
740
734
742
756
773
779
767
754
755
762
762
770
750
747
730
732
740
787
873
846
804
773
772
772
784
775
755
734
737
746
784
825
819
797
798
804
814
828
822
796
783
799
822
833
833
800
775
774
787
836
866
848
816
806
815
816
820
803
784
778
793
817
857
822
796
788
785
796
819
798
783
779
796
818
824
796
775
778
797
806
794
770
759
780
809
830
818
796
780
781
797
816
798
776
771
777
800
845
836
797
772
773
782
785
785
764
757
758
771
793
801
792
797
817
811
813
791
777
776
780
785
784
777
776
790
819
846
826
799
786
780
782
788
775
768
780
788
798
799
782
774
773
782
784
772
763
759
768
784
818
807
787
773
768
764
782
758
754
764
774
794
801
776
757
765
767
778
784
765
757
761
771
773
780
780
771
774
793
795
787
779
755
749
749
751
780
797
786
793
811
815
811
769
744
743
746
757
797
786
773
787
790
799
801
774
760
756
756
772
786
775
770
778
803
813
792
762
750
746
744
748
738
732
733
737
767
802
776
762
767
780
786
774
743
731
725
732
745
766
747
734
737
741
745
745
745
741
744
766
779
774
759
747
749
755
771
770
756
767
789
810
800
769
754
755
751
771
755
748
758
767
791
813
784
763
755
752
755
765
761
759
768
787
793
765
754
748
753
761
765
755
753
762
764
771
743
731
727
725
726
733
738
731
737
750
773
757
739
736
730
724
719
709
704
714
711
735
742
736
740
752
744
741
725
715
717
725
734
761
766
750
749
760
758
759
743
731
739
746
768
771
753
739
736
742
745
735
741
740
750
764
771
756
746
745
750
751
752
741
737
741
748
754
759
755
754
758
767
767
747
748
757
765
771
765
777
786
782
811
813
790
787
790
790
793
778
773
788
796
796
777
758
757
757
767
785
791
798
828
851
853
817
782
760
746
749
766
770
776
788
813
824
796
781
777
771
771
747
733
735
740
749
758
753
774
791
791
776
754
737
734
736
735
752
752
754
757
758
782
761
746
745
752
746
731
719
720
717
717
719
722
713
721
727
738
780
755
743
740
752
756
761
747
750
752
752
764
768
748
750
754
761
766
738
727
720
715
712
736
745
734
735
738
738
730
707
697
683
662
653
642
634
636
655
688
766
792
787
753
742
736
751
730
724
721
718
717
730
751
753
748
752
764
757
737
730
727
730
729
744
745
772
788
798
797
776
770
774
781
775
757
743
746
746
761
770
753
759
766
778
760
746
741
748
750
752
752
741
737
734
751
758
752
749
758
765
764
749
739
739
738
752
770
769
761
762
767
795
785
770
778
786
801
794
775
729
737
723
693
679
677
669
641
629
614
613
606
600
594
593
591
583
585
584
580
580
575
576
576
578
598
651
754
835
860
896
864
877
878
869
821
772
736
717
708
704
721
759
776
752
739
737
747
778
779
753
729
696
679
667
669
666
697
771
825
819
872
904
887
826
814
790
782
786
787
780
764
764
785
814
829
813
770
748
743
744
762
813
823
805
785
782
784
802
813
790
758
752
759
769
822
838
797
773
781
807
825
853
795
759
751
746
767
808
835
818
797
798
802
811
853
801
772
770
770
784
801
792
782
786
799
820
799
772
772
765
768
784
758
746
744
747
750
760
743
730
729
727
728
753
782
768
750
755
758
767
763
747
725
719
716
730
785
804
789
798
825
832
822
781
755
744
731
736
747
729
723
724
730
740
764
767
752
737
729
741
762
783
797
791
780
792
808
819
788
757
745
742
755
783
800
793
776
780
793
797
778
757
745
753
778
810
814
774
760
757
771
779
800
791
771
759
755
752
761
767
784
774
749
738
739
744
758
786
772
746
723
712
717
727
765
810
826
796
773
766
768
770
771
773
744
740
734
734
747
772
758
744
740
744
760
775
772
746
737
742
752
758
755
738
730
731
733
738
759
756
743
748
757
760
755
744
728
727
724
729
759
761
746
766
777
780
776
746
730
728
731
750
780
778
754
765
762
758
757
733
723
728
732
751
782
780
754
740
732
730
734
747
737
729
733
744
764
790
776
763
753
745
737
732
715
711
708
707
727
780
846
859
857
832
780
759
741
726
723
730
756
749
737
726
719
721
729
743
762
777
766
745
739
735
737
756
772
770
738
729
722
722
736
776
782
768
773
769
768
767
771
751
736
732
729
745
784
768
733
737
719
719
699
679
669
681
695
724
741
724
719
722
756
771
749
731
723
729
771
864
865
868
819