812
813
812
815
817
813
800
803
832
812
785
770
773
794
798
791
781
763
750
727
689
686
720
744
773
802
819
804
790
792
790
777
765
782
790
796
785
788
807
829
813
799
784
770
750
747
758
791
790
789
828
835
831
800
784
773
764
754
780
799
836
836
827
843
831
832
819
820
833
831
823
811
824
827
835
815
812
825
836
821
808
819
828
819
805
801
815
822
819
817
833
859
857
842
827
850
858
837
813
822
834
833
818
837
859
855
848
828
840
847
842
844
838
828
811
812
804
824
822
813
812
829
839
829
812
804
820
820
820
814
827
827
827
831
839
863
861
845
834
831
830
822
822
826
820
820
781
798
729
722
747
779
822
854
830
793
763
771
774
777
774
781
815
822
818
801
823
829
833
828
844
857
857
844
848
826
821
808
820
838
837
828
832
838
844
867
862
858
854
849
839
826
796
804
838
857
835
807
809
814
810
771
745
760
783
792
794
822
832
830
803
803
804
805
789
771
782
804
826
821
821
830
831
815
809
808
817
820
823
813
823
836
823
803
822
826
818
813
798
794
798
792
789
798
808
814
813
822
827
832
827
829
840
816
795
787
789
785
807
819
815
809
827
839
824
829
825
815
820
826
838
852
833
837
851
850
829
831
837
836
822
811
812
818
816
760
730
754
790
818
862
873
854
840
840
828
813
800
813
835
822
806
827
830
834
813
812
822
831
831
790
770
783
789
777
781
803
828
786
743
736
743
720
745
715
687
668
648
627
626
628
637
620
628
629
631
630
631
638
641
632
629
631
627
628
637
655
658
671
695
710
716
697
676
659
640
638
646
646
679
717
771
802
778
741
756
732
694
675
677
680
703
718
742
794
819
812
781
729
728
701
686
665
665
677
709
757
766
758
771
765
753
738
752
747
739
733
730
727
720
712
722
734
733
739
731
739
738
727
732
714
688
662
641
641
657
727
810
781
751
765
770
776
747
713
709
713
719
720
724
740
768
778
778
758
768
785
784
771
743
715
717
729
749
776
792
796
770
716
694
693
709
738
781
799
750
724
713
733
758
783
812
805
757
720
711
721
733
742
755
751
726
713
732
763
791
808
801
770
734
713
720
730
740
757
751
734
729
766
776
783
770
752
726
721
683
672
688
711
753
750
733
741
760
777
787
774
747
716
716
725
729
733
732
718
698
696
715
729
753
759
754
730
740
745
749
755
748
735
728
738
751
761
752
732
735
745
748
749
736
728
732
730
736
729
724
733
751
752
753
751
738
719
698
706
708
719
716
706
725
732
740
726
705
699
717
731
741
748
763
760
749
735
725
696
687
694
703
716
724
725
721
698
709
740
754
766
766
748
726
727
738
748
759
766
756
735
718
730
733
739
745
742
726
705
712
720
725
731
734
722
708
721
733
735
753
748
704
672
659
647
652
671
698
724
731
731
711
686
682
688
708
715
729
736
725
711
695
684
684
699
716
742
755
752
732
712
717
730
744
736
720
728
706
697
690
688
685
693
690
682
677
692
710
732
729
716
709
724
720
724
715
699
688
694
753
771
796
771
746
774
793
827
797
746
723
751
769
777
769
747
723
738
741
739
727
705
712
729
738
724
707
684
671
679
683
685
691
698
689
705
722
729
731
729
718
703
709
716
726
719
710
707
727
741
735
722
717
720
720
718
709
719
726
731
736
759
756
760
749
726
705
688
696
701
698
692
708
729
739
740
744
742
737
733
728
711
692
682
700
712
727
729
731
754
756
759
744
729
732
725
722
713
705
722
740
748
748
747
754
771
768
748
734
728
726
728
737
739
765
745
733
733
729
713
706
707
710
719
714
708
701
715
726
694
674
677
688
699
714
715
705
710
710
718
706
688
692
697
696
699
694
712
708
723
717
706
716
724
719
713
707
720
724
730
726
722
729
729
729
751
728
709
704
709
706
705
695
688
690
693
695
683
672
683
690
698
693
686
704
705
711
709
703
718
723
721
722
727
729
730
726
712
690
695
700
714
716
710
724
729
729
716
711
719
712
707
706
721
720
719
721
726
727
726
724
716
724
718
729
717
715
721
716
706
689
697
698
701
702
717
728
729
725
723
732
726
722
715
707
713
707
707
717
725
730
742
740
748
744
736
726
732
721
731
734
741
720
712
695
679
652
640
630
636
651
676
683
684
676
696
699
708
708
692
676
684
699
715
736
744
740
756
759
755
729
732
741
744
740
730
748
754
753
745
727
722
725
728
725
724
741
745
748
739
746
751
743
736
736
753
756
745
744
750
751
751
737
728
737
743
732
727
709
723
728
718
721
688
695
698
709
688
676
671
664
664
657
672
697
708
681
657
642
631
609
600
591
585
585
587
586
593
597
604
609
606
607
606
606
602
598
592
585
583
578
574
570
576
571
586
586
609
621
626
654
676
689
688
671
663
655
651
654
635
638
642
659
674
688
715
706
707
695
688
691
689
686
697
706
727
747
765
758
756
747
761
764
771
758
739
728
720
716
709
712
705
709
718
744
742
736
727
727
724
721
714
712
717
729
734
735
725
699
662
653
647
655
683
708
729
741
740
737
711
666
655
664
683
713
745
747
745
736
734
726
718
721
723
735
724
723
718
721
734
735
737
721
716
724
729
739
736
731
701
661
662
683
711
731
741
759
777
775
758
758
753
734
724
727
734
755
765
765
777
791
788
770
765
765
771
791
757
698
664
661
667
677
703
725
739
731
735
758
757
756
748
759
757
749
750
753
763
769
763
751
750
758
750
765
772
777
774
761
766
768
781
772
768
780
793
808
785
781
782
791
782
768
767
737
699
664
657
672
722
800
789
790
790
783
784
776
782
773
766
752
760
762
767
770
784
802
807
798
796
787
782
779
766
750
764
762
751
755
755
746
742
744
736
746
768
776
770
775
780
791
769
751
745
754
757
740
692
695
710
737
757
771
773
764
780
788
771
749
724
725
736
741
749
752
760
771
763
758
769
766
760
765
773
767
749
751
749
744
741
734
736
752
744
736
729
731
709
698
700
727
753
761
758
772
788
793
763
753
759
741
740
756
793
784
773
791
717
676
668
684
728
793
807
779
789
810
801
784
772
772
803
792
774
777
799
779
785
794
791
774
779
798
811
797
787
797
798
795
776
782
804
800
802
793
801
803
795
789
786
795
786
782
774
792
788
756
744
730
709
679
684
706
741
773
777
771
762
758
758
718
680
671
656
646
649
688
756
753
742
745
734
723
741
733
733
756
787
786
788
814
822
802
774
777
776
766
771