713
721
809
877
782
799
877
860
750
713
742
737
715
809
819
729
699
771
826
776
733
771
710
664
644
661
800
953
904
803
717
689
695
786
924
912
760
716
752
887
915
796
733
740
841
885
789
715
695
769
911
875
755
711
771
896
894
827
720
688
742
861
868
786
724
705
777
915
889
773
719
767
844
870
755
711
760
885
844
742
738
831
892
812
726
718
811
883
839
735
721
793
879
788
722
734
810
871
769
704
750
813
800
706
667
688
766
837
780
714
745
811
806
722
681
704
754
773
724
747
700
672
712
817
893
828
743
794
891
947
855
744
773
914
947
912
777
733
804
880
882
769
769
928
946
832
757
805
895
895
775
777
923
948
884
761
750
855
956
820
735
763
897
934
834
732
792
877
880
755
715
813
856
843
750
724
824
892
766
713
764
868
884
778
718
783
846
830
740
713
775
819
783
703
693
773
869
847
734
692
734
817
825
731
684
706
781
849
758
701
759
820
801
727
699
757
833
829
736
698
754
822
793
707
714
791
838
809
717
702
787
844
803
726
712
815
904
849
738
738
798
809
734
689
726
803
836
738
732
811
824
760
702
751
799
818
743
714
792
860
829
725
715
788
840
768
706
739
808
842
749
716
808
859
776
721
757
841
850
760
710
765
792
816
736
697
747
790
828
736
700
752
819
824
730
691
703
753
802
755
694
690
773
806
750
692
705
744
784
757
688
673
716
781
824
738
697
741
784
800
727
673
699
711
713
663
678
704
715
669
680
642
653
658
688
702
675
631
617
597
577
573
571
564
577
584
562
559
555
548
541
544
539
550
552
545
547
548
544
539
536
535
535
540
537
529
528
528
530
529
528
525
523
526
525
526
533
551
598
611
619
638
675
658
637
608
592
577
561
550
541
540
550
568
581
579
572
562
556
548
546
562
583
591
584
578
571
566
563
565
576
589
586
579
570
564
562
558
555
556
555
555
557
565
576
580
576
568
562
552
543
533
529
534
543
548
550
547
547
545
544
546
546
546
543
538
534
528
523
521
521
547
594
615
615
603
587
572
559
547
535
532
538
558
576
569
566
558
546
537
528
520
522
539
581
624
617
610
579
565
556
545
536
534
546
568
587
582
567
558
548
538
528
529
557
577
589
586
573
562
554
545
537
535
556
604
639
635
619
594
579
563
554
558
575
585
593
576
567
560
553
550
562
581
590
583
579
569
557
549
540
540
555
591
613
631
625
591
575
563
551
552
563
573
573
568
555
549
542
533
533
549
580
621
633
631
604
586
574
562
559
564
570
563
564
560
548
539
533
529
540
574
607
636
623
609
595
573
562
548
540
536
547
570
577
575
575
559
549
540
530
527
542
565
585
590
572
558
548
539
539
550
556
561
555
546
539
530
524
526
542
561
582
584
569
556
540
530
520
514
522
556
579
586
577
551
541
532
533
533
543
542
539
531
521
516
512
507
509
528
537
547
547
550
549
544
531
524
517
510
507
515
541
563
567
577
574
558
547
540
529
524
530
563
611
632
633
605
585
568
555
545
545
559
596
624
629
613
588
571
558
546
540
552
591
645
655
639
604
583
570
563
568
590
616
633
623
616
596
575
561
546
533
534
560
598
618
614
607
588
571
560
549
540
553
589
621
630
632
611
587
573
560
550
551
569
601
611
619
614
586
570
560
545
543
552
569
576
591
577
564
551
542
533
532
546
571
583
587
576
558
546
536
526
526
544
591
618
614
598
573
560
551
539
535
554
578
582
575
563
547
537
527
518
517
528
570
592
598
589
562
550
541
531
531
536
538
537
540
537
525
519
514
510
515
527
540
546
553
547
540
527
525
526
520
524
538
565
564
565
569
564
552
539
529
521
510
507
516
545
582
596
602
576
560
548
538
529
523
525
537
555
557
554
551
543
534
526
516
506
502
508
538
589
609
608
603
574
559
546
535
522
521
526
539
552
552
555
551
542
533
525
517
509
508
514
545
563
573
576
563
550
541
530
522
517
521
533
551
552
553
551
544
536
526
518
509
501
500
508
536
566
573
563
559
554
543
533
526
515
507
506
513
538
556
562
556
548
538
532
526
521
523
531
541
555
558
554
552
549
539
530
521
514
505
497
498
524
554
567
555
551
537
530
522
516
514
520
531
546
543
538
531
524
517
507
498
501
521
564
578
581
570
557
546
538
528
521
523
529
545
551
550
545
534
526
520
512
504
503
513
539
560
558
551
541
534
525
517
508
506
520
540
554
564
549
538
532
522
517
514
515
525
535
541
542
538
530
523
517
509
512
528
550
565
564
555
543
535
527
520
515
519
529
533
533
532
525
519
512
506
500
499
510
539
554
553
545
535
527
519
512
504
509
515
521
519
517
513
508
502
495
491
497
511
518
524
526
519
511
507
504
500
501
508
511
512
517
512
505
501
499
495
492
500
515
534
541
538
535
526
520
513
506
503
506
514
521
523
522
520
514
508
502
495
490
487
490
503
512
515
513
512
509
505
502
496
492
490
493
498
502
499
500
498
495
491
486
488
493
503
511
514
508
505
503
499
498
504
509
513
513
512
510
506
500
496
490
491
504
531
560
572
570
554
543
534
525
516
512
514
517
520
521
517
516
509
504
498
492
494
510
531
534
535
535
525
520
514
507
499
495
497
501
505
507
503
501
498
494
490
486
486
491
509
535
547
545
534
526
521
514
506
503
513
521
527
521
520
516
509
504
498
491
489
499
517
521
522
517
513
509
503
496
497
507
521
527
528
525
517
514
507
503
506
511
514
518
517
511
507
504
499
499
509
521
521
513
510
507
501
495
496
499
501
500
499
496
495
493
492
496
499
513
509
505
501
498
493
493
489
484
484
479
480
480
481
494
526
603
622
642
656
729
706
692
685
656
621
590
605
609
613
612
613
600
587
571
566
570
581
588
595
584
584
584
593
622
659
663
684
667
647
601
605
628
817
786
785
779
760
691
664
676
718
760
771
741
701
668
634
636
683
690
707
685
662
656
676
721
769
731
711
726
745
763
757
712
678
670
682
729
777
781
734
704
722
746
771
766
734
698
694
721
778
803
784
737
746
772
816
810
772
729
739
785
839
842
806
757
762
792
844
844
785
758
770
818
846
814
757
733
759
792
792
740
706
710
747
773
765
722
693
692
719
756
775
743
716
728
747
769
767
736
745
757
744
705
707
712
731
696
674
681
697
705
683
662
644
646
678
730
759
752
700
677
689
708
721
713
689
664
661
688
751
782
761
720
710
723
735
744
715
684
677
690
714
717
696
679
690
714
746
762
733
697
686
708
756
766
730
689
682
689
718
742
733
711
723
743
786
781
748
742
744
788
771
724
724
734
771
771
747
775
814
791
745
743
758
773
743
731
742
760
784
752
730
748
765
786
748
713
702
716
778
824
798
760
748
771
789
792
771
729
729
747
786
801
752
744
775
834
833
782
750
746
770
811
806
748
724
743
780
793
754
717
707
733
772
793
754
719
711
727
764
776
740
708
710
737
765
771
729
707
727
771
789
755
725
720
728
752
752
714
693
692
721
756
766
730
703
714
744
776
743
713
713
744
775
777
729
714
726
736
755
727
728
764
784
780
726
715
729
747
728
705
721
745
770
741
729
753
779
741
707
704
702
718
700
680
683
721
775
738
705
709
712
714
684
684
696
718
696
678
680
695
730
746
710
692
695
721
721
704
696
728
755
748
717
722
731
715
691
694
707
725
701
702
731
771
755
725
739
769
790
752
708
710
742
801
797
745
706
687
669
645
642
627
613
619
635
656
624
606
599
598
614
696
753
782
780
761
727
687
675
679
679
649