672
622
611
603
622
681
764
746
727
776
807
786
781
739
700
688
683
735
727
690
682
688
680
661
661
660
665
676
682
679
683
690
700
713
709
675
659
637
642
667
707
740
710
689
699
706
688
664
654
647
646
655
641
628
646
691
752
757
739
744
757
767
726
695
703
697
694
685
699
717
705
711
698
682
700
726
706
705
727
757
741
709
718
728
689
664
654
658
667
685
713
756
751
750
750
705
697
707
705
730
755
767
745
733
749
756
732
726
742
754
726
713
700
678
719
716
703
729
751
761
718
707
717
730
726
718
747
771
739
728
720
726
698
698
731
754
735
734
735
715
703
675
705
757
763
754
753
773
750
727
747
739
729
729
744
762
742
713
689
690
676
661
641
661
727
718
752
794
786
752
770
785
759
727
716
699
670
669
678
707
729
744
699
702
697
685
674
689
709
702
667
655
652
648
646
639
630
654
647
665
677
693
685
719
742
729
723
699
655
669
688
711
686
711
728
709
655
655
659
695
755
756
736
735
794
826
868
840
794
833
850
883
898
875
837
829
859
859
854
794
746
732
787
844
839
824
872
904
919
871
820
814
855
883
890
838
781
798
832
854
845
866
859
886
923
944
930
873
841
874
890
912
866
836
853
856
856
846
808
785
791
832
863
856
840
850
876
910
889
864
819
839
854
854
843
788
743
739
789
844
864
844
824
827
844
803
774
751
718
684
709
771
782
766
762
775
844
849
754
718
738
730
717
694
685
670
691
714
732
759
771
760
734
725
757
773
811
815
751
740
734
746
739
716
716
722
724
682
670
643
628
613
602
601
596
588
577
575
574
568
572
568
555
560
554
550
551
552
563
575
586
596
594
647
719
721
769
794
771
755
771
838
780
699
737
846
915
885
913
896
810
809
789
771
764
806
879
791
826
884
867
788
799
832
882
790
767
792
797
772
771
750
745
773
800
779
729
781
776
752
772
820
816
788
788
799
781
744
730
742
729
737
778
775
739
748
781
834
823
767
739
740
775
775
756
742
761
775
760
748
782
802
825
779
736
739
760
802
835
853
823
792
734
692
685
688
725
823
910
919
922
902
905
858
781
744
743
755
778
829
851
836
813
772
762
744
716
710
722
780
783
792
820
858
874
917
911
896
877
870
844
773
729
723
741
781
855
906
893
862
809
773
763
753
743
715
692
698
711
753
812
894
897
924
930
908
870
847
806
745
704
681
685
728
837
920
957
959
945
910
859
765
729
712
742
812
896
909
924
881
813
779
781
798
828
901
886
891
868
815
782
739
705
686
701
763
900
961
943
934
889
811
766
756
785
849
871
880
880
865
803
745
711
729
772
872
887
901
874
794
767
770
794
820
838
870
863
831
770
734
728
747
790
841
873
872
829
765
732
743
788
832
853
858
879
798
753
752
751
762
764
765
762
746
727
700
700
759
828
841
837
857
764
737
729
727
740
771
745
743
771
735
711
730
797
843
852
857
854
802
744
730
729
754
759
777
837
849
853
852
813
748
720
712
738
796
857
892
874
816
755
722
728
762
825
852
871
876
837
753
710
711
735
805
888
907
889
789
759
770
803
807
833
818
780
751
751
788
853
877
847
842
774
730
729
754
809
844
862
849
787
750
755
787
827
860
867
813
752
734
747
779
827
874
889
862
812
742
709
702
754
821
862
863
856
831
769
725
717
734
789
832
866
801
735
752
743
729
724
709
712
687
670
662
673
758
899
899
900
889
817
756
729
745
781
863
892
896
877
828
762
725
715
729
774
811
856
852
858
818
749
709
694
698
750
852
898
918
903
874
782
734
726
739
802
857
878
889
854
774
732
720
748
800
848
870
839
760
730
745
809
844
880
909
896
862
793
744
726
738
782
856
864
875
867
824
759
721
711
729
812
848
878
871
843
761
718
705
746
917
914
908
901
867
830
750
715
709
759
851
885
844
826
805
752
722
718
762
825
852
828
837
760
727
723
751
822
858
872
865
818
742
721
732
811
843
823
845
756
718
721
759
826
867
885
875
828
762
728
726
768
791
835
842
839
803
754
722
719
744
763
775
763
752
717
705
690
684
701
776
857
872
827
804
812
787
728
703
688
693
908
990
939
867
826
757
738
781
982
943
967
948
905
842
758
723
716
774
929
962
954
926
799
750
742
768
865
894
880
874
783
740
728
745
811
872
878
897
816
764
753
781
801
846
867
844
794
738
708
714
764
884
908
900
892
861
808
769
734
700
675
652
634
621
616
611
608
610
423
800
618
618
621
617
608
617
629
641
648
671
695
739
752
761
742
750
881
864
848
805
770
830
861
856
876
878
838
836
938
953
969
906
888
875
864
850
888
945
983
969
948
942
909
865
818
852
880
919
918
928
916
877
846
839
900
919
943
936
896
855
844
876
865
906
907
911
883
891
917
940
969
975
953
938
896
871
891
915
858
806
852
870
827
790
850
951
967
936
966
947
936
966
957
926
875
849
870
897
948
878
874
875
920
996
970
951
938
888
846
871
929
940
931
941
938
876
867
915
944
954
968
933
886
870
898
911
900
904
938
921
862
840
888
882
924
904
885
846
838
865
871
855
813
765
835
860
849
824
886
937
903
866
875
831
822
826
890
916
931
918
888
878
869
868
891
895
911
919
923
888
878
896
904
895
872
851
817
859
886
919
938
937
917
908
856
870
871
900
844
825
821
838
817
788
753
723
716
867
846
835
798
782
844
872
887
852
854
902
908
898
890
894
867
851
857
864
877
868
886
866
835
818
852
863
853
856
832
830
860
868
870
861
852
819
830
847
860
867
838
801
813
839
874
875
836
850
892
902
896
831
826
852
873
860
828
857
857
868
861
830
863
904
912
867
855
883
906
889
865
827
844
866
879
855
864
890
910
871
877
913
908
877
859
894
909
878
842
842
839
830
801
775
803
831
877
854
872
898
877
829
843
862
861
826
859
887
893
856
845
880
900
897
853
835
827
814
813
806
880
925
933
911
889
863
815
766
716
707
682
672
674
677
651
640
640
631
622
612
608
618
632
639
639
631
646
688
755
788
751
742
753
777
787
793