838
1007
1064
939
1083
1059
828
885
915
776
760
1209
943
800
1146
1047
881
1039
1062
977
996
924
950
1191
1015
877
1217
1130
1061
1218
1079
1056
1214
1135
1130
1170
1030
1132
1151
1010
1122
1235
1031
1083
1135
1073
912
1178
1128
969
1145
1088
966
1176
1109
970
1161
1128
967
1178
1170
1055
1203
1161
1024
1177
1098
921
1007
1071
1083
1225
1071
1069
1157
1156
1040
1136
1040
947
1021
973
906
1125
1066
797
748
835
800
1211
1171
992
1062
1118
1016
934
1085
998
1035
1169
1027
1052
1171
1101
973
1179
1141
945
1146
1157
985
1071
1096
942
1138
1131
976
1104
972
843
1142
1112
968
1121
1077
979
1137
1152
1030
1045
1082
1021
969
1152
1118
1038
1041
1013
796
792
1288
991
1175
1188
946
1077
1070
942
1102
1061
913
1138
1189
965
1092
1104
998
1032
1104
1038
938
1125
1095
933
886
1146
1119
888
1063
1045
832
1114
1186
1030
1085
1149
1030
998
1122
1067
893
833
912
772
782
1144
1021
1141
1098
945
934
1076
1043
870
895
1102
1046
882
1042
1094
955
1028
1159
1037
1022
1094
985
937
1166
1006
915
1202
1118
1011
1201
1177
988
1074
1118
979
926
1166
1109
956
1103
1022
876
1158
1119
968
1107
1146
1024
1078
1190
1023
983
1167
1029
872
1175
1105
978
1183
1127
1003
1125
1180
1045
973
1179
1064
963
1183
1176
1032
1188
1121
991
1098
1085
879
1214
1144
1011
1164
1146
1007
1135
1170
969
958
956
883
1224
1156
1024
1159
1085
920
1047
1099
927
1056
1226
1059
1012
1139
1035
895
1005
1072
965
1039
1078
1021
1116
1023
986
1026
1091
1019
1013
1021
944
979
1002
821
721
688
699
762
953
1001
990
946
921
894
859
922
962
936
951
995
842
771
816
1007
912
938
1015
920
994
982
847
940
1064
932
952
1000
886
933
973
942
832
715
664
660
648
627
622
623
636
637
607
601
591
592
590
610
675
771
760
831
896
875
834
819
675
683
667
635
619
654
665
657
674
701
695
727
690
655
653
681
652
693
671
693
675
663
651
631
628
620
626
659
662
642
688
850
948
1013
927
745
777
871
1010
851
971
1119
1013
779
846
999
1064
820
704
813
1109
1060
892
831
1131
1127
1072
1012
850
1042
1275
1166
1132
1070
1041
1123
1278
1134
1121
918
729
717
1258
1188
1097
968
759
718
1196
1205
1112
958
946
896
850
733
682
684
692
725
724
733
683
655
650
677
747
800
845
820
793
763
662
639
627
1182
1159
1113
1043
798
725
1105
1102
1047
842
824
1196
1146
1104
1103
843
712
728
1223
1182
1146
1059
796
731
1084
1124
1076
1084
812
707
690
1161
1134
1078
1039
825
726
706
1091
1098
1092
1038
835
737
896
1082
1061
1015
843
713
686
1116
1114
1068
1074
915
762
764
1157
1120
1081
911
743
691
781
1200
1113
1064
825
715
709
1133
1171
1095
868
725
700
1304
1119
1026
992
775
702
683
819
1170
1113
1049
976
749
692
682
1108
1073
1017
964
750
688
710
1191
1086
1046
986
778
702
682
771
1152
1075
1031
809
754
1089
1093
1041
1020
921
736
729
1183
1099
1063
1048
806
762
915
1173
1130
1055
762
697
729
1084
961
755
729
679
663
683
1198
1079
996
982
819
710
688
1104
1085
1046
1045
827
740
975
1018
992
1006
860
724
690
1075
1101
1047
943
748
727
732
717
712
706
670
670
625
616
618
625
656
684
701
652
637
624
672
812
870
879
837
760
689
644
625
616
653
766
761
1172
1119
1013
952
864
698
664
649
716
1132
1061
1031
811
716
724
1024
1063
1018
830
716
722
1111
1091
1085
1030
792
733
813
1160
1112
1085
1009
804
721
745
1073
1027
962
792
712
688
808
1280
1088
1025
989
832
712
688
829
1137
1075
909
793
938
1070
1040
981
781
715
740
1182
1131
988
1083
1073
851
728
745
1023
1092
1008
830
714
689
770
1164
1094
1054
875
729
690
800
1076
1071
1032
824
742
947
1041
1016
898
749
697
803
1074
1029
991
894
754
709
817
1045
1034
904
728
678
701
1044
982
876
736
663
643
631
729
1054
1020
924
740
782
969
1003
947
856
729
773
876
950
904
745
697
735
1095
1017
974
763
703
765
927
1056
874
726
710
843
1115
1028
797
756
998
1004
854
738
722
936
1035
1011
801
735
731
1006
991
961
777
716
798
948
1027
968
774
902
998
1022
856
814
885
892
922
887
735
705
996
1089
1034
785
735
847
997
977
788
713
721
818
1115
968
779
719
667
653
661
734
961
981
915
738
699
722
1077
998
949
833
722
691
846
1138
1093
990
764
704
786
1008
1032
913
766
805
969
975
832
721
707
1077
1055
975
775
709
750
879
1006
1021
803
730
806
919
887
739
727
951
979
962
764
702
726
1061
1105
1010
785
718
783
1123
1097
1003
762
739
852
1031
965
793
692
682
730
980
912
870
738
713
776
937
883
756
724
941
1020
991
849
731
705
810
1007
1008
987
975
921
799
743
826
820
876
747
689
697
718
684
689
696
693
693
680
667
679
716
728
763
840
706
728
867
776
734
727
718
715
738
698
747
962
1044
1002
994
997
994
949
882
932
1114
1148
1156
1156
1128
1092
1021
819
730
723
829
1157
809
1048
1031
1087
1049
1058
1012
936
947
1032
961
962
1133
1068
861
821
1218
1146
1089
961
1027
982
1002
1121
1125
1093
1085
1093
1104
1084
796
720
740
1370
1199
1168
1046
948
1175
1158
1073
951
1013
1149
959
830
1249
1270
1151
980
998
1129
1132
1125
995
907
1151
1126
1155
1060
932
1033
1220
1125
879
755
842
992
849
873
1271
1167
1111
943
1004
1181
1107
1063
885
935
1287
1206
1249
1195
1014
854
1160
1145
1180
1024
971
1199
1239
1159
1146
1011
1021
1220
1141
1153
1096
958
1133
1179
1191
1193
1141
992
973
1201
1185
1124
1048
885
1205
1219
1209
1197
1031
982
1136
1085
905
1070
1248
1204
1117
1079
1211
1177
1134
1032
1173
1143
1190
1184
1164
1166
1178
1050
1052
1159
860
820
1203
1166
1204
1170
1118
1051
1019
888
1143
1146
1118
1084
1060
888
896
1228
1144
1112
1000
1174
1164
1073
986
1089
786
744
909
873
943
1262
1191
1123
929
890
1084
1058
1071
1084
977
1048
1124
1138
1096
969
1172
1140
1074
953
884
1135
1071
1115
979
1029
1039
945
1190
1170
1153
1020
896
1102
1133
1152
1174
1172
1134
1076
940
878
1234
1127
1136
953
1156
1230
1149
1090
935
1190
1190
1066
970
1180
1084
1039
957
840
754
793
1197
1104
1076
1092
1095
940
1120
1196
1052
917
1146
1127
897