882
824
839
871
851
835
891
937
864
841
874
865
823
839
892
861
831
860
902
885
841
870
908
653
1122
917
957
976
924
915
974
1011
939
913
974
1005
930
908
950
987
911
896
938
985
907
889
935
980
908
884
924
944
885
861
905
977
899
872
901
914
880
858
896
908
880
856
898
948
888
863
904
934
881
867
905
972
925
902
922
966
929
906
929
965
896
876
919
956
907
906
930
886
883
925
979
918
907
971
983
916
912
958
982
914
914
961
933
908
951
989
941
895
923
954
904
887
920
971
920
899
955
975
925
902
930
914
870
880
901
907
873
898
950
922
884
905
960
926
906
960
1015
940
914
947
971
904
897
935
969
923
918
964
959
880
875
920
923
891
902
967
946
902
954
992
926
894
905
939
896
882
931
965
902
910
947
909
880
897
922
882
859
889
896
860
871
905
878
861
890
897
868
891
926
908
889
947
1003
987
917
935
1006
1032
949
930
961
1021
968
934
971
987
931
922
959
978
921
907
935
951
884
871
894
924
884
888
963
957
899
905
918
874
811
779
812
858
857
850
898
973
963
894
895
947
938
881
884
905
919
860
856
883
889
846
875
939
959
887
894
927
935
875
889
922
927
880
896
957
925
867
896
946
898
877
910
958
874
839
892
938
921
873
885
958
938
884
921
977
930
891
933
962
890
850
867
844
811
285
443
358
353
568
886
729
700
699
693
691
688
680
658
657
662
679
700
712
694
685
684
711
736
735
734
719
704
699
677
663
658
656
645
661
697
711
737
765
736
734
746
759
779
752
769
795
814
777
771
789
842
873
852
806
799
818
852
866
833
787
787
814
869
864
801
814
854
878
826
805
832
873
855
820
823
876
896
826
816
869
906
880
862
855
846
827
816
824
787
831
834
813
854
860
838
808
782
754
730
722
713
729
752
759
763
790
821
898
989
891
822
759
719
698
679
671
663
675
672
697
760
893
1008
1093
1068
948
882
822
786
788
867
1073
1424
1207
1179
1154
1126
989
906
872
927
1120
1084
1081
1069
1038
979
896
842
849
955
1131
1070
1068
1077
1040
956
871
833
829
860
1085
1046
1046
1037
1009
951
871
827
798
785
1060
1146
1045
1013
989
959
894
835
811
776
847
1278
1084
1037
1035
999
937
865
831
776
895
1379
1097
1063
1050
1035
951
867
794
757
836
1355
1096
1059
1042
1025
995
901
861
838
810
1089
1133
1046
1027
1028
1020
911
834
764
778
924
1133
1104
1069
992
933
883
818
782
765
790
931
1136
1103
1041
964
900
833
793
770
769
792
938
1059
1080
1031
985
939
870
810
765
768
814
1282
1092
1035
1011
975
915
854
819
765
852
1053
1071
1022
999
964
921
851
816
806
846
969
1031
1030
1014
993
927
866
827
811
821
927
1014
1037
1040
1024
1032
909
851
851
894
1120
1102
1079
1029
982
929
851
819
744
788
1179
1059
1082
1002
974
908
838
783
750
798
1141
1048
1033
1044
1016
958
863
821
808
812
1112
1053
1049
1031
993
916
859
831
767
816
1095
1057
1011
963
920
871
805
769
757
805
1034
1039
1023
1001
962
911
832
786
774
834
1273
1146
1041
987
981
904
850
831
849
959
1029
1040
1030
1009
973
872
828
807
831
960
1021
1035
1054
1028
993
890
829
808
822
950
1043
1091
1058
1026
924
861
835
857
941
970
963
962
920
829
735
721
731
817
1130
1108
1067
1007
962
854
805
777
801
1067
1111
1073
1046
997
923
847
804
810
959
1062
1072
1043
1000
904
839
801
814
930
1266
1090
1043
1031
979
899
874
893
999
1029
1019
1004
993
941
891
849
821
855
969
1013
1041
1039
994
896
848
836
873
959
1032
1038
1026
998
904
841
819
861
910
941
952
945
936
882
840
822
833
902
957
992
1014
1014
951
867
831
820
883
942
989
1010
1035
1018
926
860
848
921
977
1059
1061
1036
940
873
895
930
948
953
929
908
869
825
808
800
865
945
1022
1062
1060
1003
934
873
859
938
1008
1014
1037
1002
933
878
837
837
926
980
1012
1041
1065
973
894
866
915
988
1031
1038
1018
928
906
888
829
750
723
714
692
264
407
684
669
658
645
643
646
659
670
686
695
701
705
695
691
685
676
662
657
674
669
699
744
799
824
829
819
819
850
843
845
833
792
775
777
777
753
722
713
723
740
779
823
859
867
866
863
841
811
792
784
807
814
840
867
873
861
829
811
815
810
786
781
798
820
831
854
870
861
845
806
777
794
798
840
876
892
885
874
844
848
861
885
897
916
914
923
910
899
895
878
895
898
911
926
915
905
915
931
909
877
853
848
882
938
987
985
942
887
844
838
861
889
936
955
973
943
920
904
882
852
854
906
932
926
916
883
845
809
831
832
852
841
823
805
810
813
817
813
808
785
744
754
790
839
843
858
817
840
845
871
842
871
910
964
916
963
997
1050
1043
993
904
927
936
958
928
982
1047
961
920
940
980
909
920
927
871
829
827
852
882
938
940
905
920
923
930
903
939
1000
1046
962
978
970
914
919
920
888
903
928
902
864
903
925
912
866
896
935
897
893
935
910
877
913
952
911
899
941
956
901
939
960
915
934
959
928
913
999
1038
919
909
944
954
903
958
1042
963
933
1011
993
925
978
1011
949
922
998
1036
914
932
974
1004
921
958
1034
1037
927
952
979
992
922
953
1024
1015
923
960
1002
906
917
931
943
891
930
955
926
862
884
973
1058
970
959
971
930
900
948
961
928
924
868
803
753
781
774
774
752
813
895
906
926
966
1005
942
940
1016
986
923
931
954
925
879
934
956
897
895
934
965
922
928
984
1087
966
950
1068
1073
918
953
1036
937
920
971
895
964
1094
1005
1027
1113
1056
1031