664
676
648
643
622
632
658
663
644
622
614
630
657
676
646
621
590
581
562
550
545
545
557
588
683
738
690
706
696
683
681
654
630
615
621
645
735
837
818
774
733
688
679
645
616
597
590
609
712
886
850
798
767
725
704
680
643
627
617
613
631
683
797
818
785
741
718
708
685
661
630
614
606
632
687
729
730
718
713
691
672
646
632
620
634
675
740
737
730
693
669
663
669
656
643
631
621
642
686
738
727
715
691
684
654
628
610
604
633
678
748
734
719
724
702
664
644
627
630
669
742
742
739
691
661
646
658
687
706
681
680
668
642
630
622
642
703
746
710
688
694
666
639
623
611
616
646
711
730
720
692
705
670
645
632
636
678
721
710
706
708
686
656
635
635
654
701
695
695
690
678
641
623
613
630
653
698
694
712
698
659
645
639
655
694
698
693
684
687
655
637
628
646
688
758
733
724
713
667
646
645
669
721
726
738
729
677
657
668
699
740
723
679
690
722
737
678
651
680
696
709
722
707
689
650
639
630
645
681
766
761
753
742
735
691
645
633
621
624
655
741
747
743
715
723
688
655
636
638
656
727
741
728
744
717
684
651
646
676
704
716
733
730
724
676
653
643
663
708
709
713
703
672
691
702
675
689
664
635
614
599
606
621
622
616
611
605
595
587
582
604
647
706
732
733
731
708
684
684
686
695
705
724
725
696
655
636
637
672
775
782
758
740
738
702
656
638
629
645
707
744
738
722
699
663
645
634
649
688
738
738
721
734
699
667
651
646
655
703
729
705
711
711
694
684
655
641
636
638
672
716
730
725
709
710
679
647
640
639
668
714
723
716
716
701
658
644
631
641
688
744
727
677
639
633
633
639
683
659
644
657
654
635
645
670
681
665
676
683
684
675
661
669
676
659
673
657
646
657
673
663
673
660
635
660
668
665
641
682
683
668
657
674
695
671
657
687
697
664
649
654
661
667
671
648
628
639
646
636
622
602
601
611
601
586
579
564
552
561
573
579
584
565
563
573
578
574
558
552
539
533
544
551
562
577
581
569
582
590
603
591
604
623
647
646
687
671
676
732
693
638
612
598
617
647
718
744
763
752
716
690
647
620
623
647
692
751
768
748
687
659
642
640
678
717
746
753
739
688
655
636
628
632
651
690
739
768
768
777
781
762
743
719
684
649
626
600
594
596
591
579
570
567
627
716
736
775
761
767
755
676
643
641
646
678
710
734
680
660
691
739
809
778
721
669
656
665
693
777
837
822
796
721
671
670
622
597
577
565
567
608
767
803
871
864
857
844
722
667
638
617
608
627
678
742
777
722
681
644
620
602
587
569
559
553
554
564
603
678
749
779
809
815
803
754
722
707
695
676
637
614
598
588
595
622
667
701
693
736
748
690
638
619
594
578
570
576
597
639
675
665
628
606
589
574
570
572
577
604
651
686
709
725
729
729
729
722
712
685
669
660
631
610
595
586
588
607
637
675
693
738
758
762
753
738
718
694
679
666
656
647
621
607
596
591
597
612
630
656
697
727
739
748
748
730
711
692
672
661
651
643
625
611
598
581
578
583
591
612
656
691
689
663
634
618
632
644
661
655
621
597
583
575
570
570
583
606
674
703
749
770
781
776
736
702
688
676
664
647
647
624
605
586
570
563
573
608
688
707
708
719
686
670
665
657
655
657
656
621
604
582
579
581
595
636
716
743
780
773
751
729
699
673
650
623
600
578
564
570
586
646
732
780
787
830
826
771
740
707
696
688
671
658
623
605
584
574
575
594
636
675
720
791
816
820
801
766
749
720
700
680
654
622
602
582
575
586
621
701
790
813
800
779
764
733
714
702
671
635
609
590
579
581
594
646
712
752
766
781
776
778
763
729
698
677
668
634
617
597
585
590
611
677
759
797
799
789
770
753
719
682
646
619
593
572
565
567
582
623
739
774
802
826
834
835
775
729
703
685
673
658
626
605
587
577
579
586
609
652
662
642
624
627
633
644
640
624
601
577
564
556
549
545
546
558
582
621
699
727
736
767
803
806
778
732
692
675
665
661
630
611
594
588
585
597
632
714
796
806
794
760
734
692
645
621
584
564
556
552
566
630
741
772
788
758
748
721
715
694
695
679
655
617
598
579
577
583
601
680
781
808
834
808
787
768
733
718
688
647
618
594
586
593
616
683
764
786
826
815
772
739
707
679
661
646
625
605
587
576
580
597
641
706
752
799
830
831
797
746
700
693
650
618
592
575
571
578
602
670
740
793
788
781
763
740
704
686
662
641
617
594
574
567
568
576
593
653
726
756
774
792
785
777
747
715
682
657
627
610
596
589
591
604
636
696
758
803
822
808
784
758
725
702
674
658
620
597
580
570
574
590
616
659
695
724
763
789
798
776
745
723
685
664
648
626
598
578
565
563
564
590
631
668
707
760
771
782
790
764
747
716
680
653
623
597
579
565
558
554
555
561
572
603
646
684
717
748
775
763
689
648
622
610
614
629
633
622
602
581
571
570
580
604
652
717
742
768
797
790
783
756
684
650
628
609
595
597
603
616
670
734
783
797
816
791
754
709
692
679
655
622
601
585
581
589
614
665
742
765
792
794
766
741
718
697
677
655
639
612
594
579
575
584
618
667
746
801
823
835
818
808
773
736
703
687
648
621
598
592
595
619
688
740
793
806
797
773
744
716
691
692
688
669
659
646
642
644
645
635
637
626
599
347
791
571
579
591
586
576
569
566
557
550
543
539
537
536
530
526
523
531
541
549
565
580
603
609
598
592
579
583
589
613
612
597
580
594
604
625
622
623
604
586
558
549
539
542
572
638
699
684
674
665
625
604
589
575
558
542
543
540
550
587
604
625
638
652
652
664
668
669
666
693
669
641
629
617
635
680
706
738
727
725
713
709
713
695
690
680
662
667
650
636
630
621
627
654
692
745
769
762
729
727
715
717
718
698
700
684
658
646
634
629
634
687
767
810
774
759
735
705
677
661
661
671
677
662
649
642
634
631
657
728
745
748
739
721
719
714
696
663
653
635
628
636
684
752
779
766
742
723
706
704
695
682
662
651
641
631
646
689
721
686
650
625
607
601
607
619
641
639
629
618
613
648
709
746
739
709
695
688
688
666
647
634
623
623
646
714
762
759
743
722
723
692
676
656
646
648
668
697
738
742
731
715
696
696
664
645
633
629
656
752
808
782
756
754
727
703
675
655
642
653
692
764
769
746
750
714
667
649
639
646
687
759
744
762
735
703
671
655
674
708
762
739
731
751
716
678
670
657
679
703
742
752
733
725
722
692
676
665
680
705
727
703
710
687
663
659
673
696
736
732
697
679
679
708
744
761
737
735
700
672
655
645
663
728
772
756
720
720
710
680
658
650
644
673
721
749
724
716
709
673
650
647
668
713
740
739
708
679
662
664
693
727
730
734
728
688
668
652
651
674
744
798
772
754
705
670
655
667
680
695
697
727
676
659
670
692
729
723
715
699
696
691
661
651
665
693
737
751
740
709
676
654
639
640
673
734
718
739
746
713
673
656
647
669
728
736
699
677
684
707
733
744
709
672
681
685
710
693
699
702
675
654
656
685
717
749
697
675
694
710
734
698
669
667
686
706
743
721
723
717
682
663
666
683
703
732
693
663
662
697
713
746
717
688
664
658
670
698
696
692
659
627
601
611
635
700
692
655
646
625
611
628
652
659
677
684
641
650
660
675
684
668
638