833
813
782
797
811
813
827
851
879
873
880
888
864
860
868
856
834
816
824
836
791
771
731
687
696
722
762
839
846
841
838
841
827
804
808
836
856
854
839
859
855
847
844
867
837
825
849
854
839
843
897
898
848
839
844
854
830
821
840
852
854
841
854
832
820
767
722
736
791
862
863
846
846
852
851
828
823
845
854
844
817
845
876
875
866
876
880
856
817
803
796
803
808
817
864
911
926
928
909
906
904
882
833
844
850
839
835
827
861
859
862
889
880
852
858
877
873
802
806
825
842
857
874
828
785
781
838
898
904
899
896
859
859
872
877
872
861
880
919
896
915
928
889
761
748
771
824
857
824
820
840
846
827
824
848
834
817
821
851
861
843
871
836
770
754
764
814
853
856
855
869
879
869
850
847
861
857
852
842
848
861
862
868
842
856
854
842
813
818
828
838
832
827
842
832
836
837
846
834
820
834
843
838
817
834
839
832
814
832
839
846
832
847
858
859
853
862
857
845
840
806
804
804
809
823
848
863
860
846
778
749
780
826
836
888
903
875
818
805
798
808
808
815
841
868
881
862
881
905
879
849
845
836
831
832
852
858
841
838
847
853
841
869
894
906
874
862
862
843
818
827
858
832
757
768
784
785
839
866
848
847
860
865
848
834
852
875
861
856
853
857
861
862
852
868
879
882
865
848
803
797
802
813
854
960
950
885
887
825
758
720
775
797
778
730
704
683
685
680
674
663
652
642
642
655
681
705
724
733
714
699
697
665
642
631
633
638
681
771
877
850
854
883
916
893
877
811
770
766
800
838
803
775
732
691
667
700
706
709
733
804
774
757
769
821
833
875
874
881
781
708
698
689
687
695
734
830
839
873
858
830
780
750
726
708
704
709
730
738
757
746
741
734
721
703
691
705
719
739
756
758
740
721
716
718
720
721
720
729
745
769
780
779
762
764
757
749
744
746
744
753
767
761
768
778
794
789
787
784
790
789
775
777
768
771
766
745
744
740
729
736
746
742
743
742
758
774
782
804
801
787
773
758
742
723
711
695
684
682
700
733
760
794
812
820
802
795
785
771
755
729
706
707
729
754
768
786
792
777
774
769
762
753
728
724
727
740
760
761
766
768
768
756
730
709
706
722
748
759
774
771
762
748
750
753
762
759
752
744
722
701
694
699
721
749
780
809
833
813
754
703
676
679
663
695
702
774
746
720
733
754
762
771
771
738
711
692
688
698
712
735
763
770
791
771
746
717
725
756
772
803
823
827
816
784
770
764
762
766
780
814
852
875
875
856
828
797
773
743
718
719
745
783
819
852
852
825
794
764
756
762
776
785
804
811
771
745
744
748
759
767
766
749
738
742
760
774
773
770
743
724
706
704
723
744
752
755
743
737
740
764
771
785
796
770
756
743
747
763
778
797
785
773
770
787
794
800
798
769
756
767
769
782
777
763
752
755
769
783
796
781
765
764
783
786
791
789
779
763
771
780
774
764
760
742
751
764
780
795
785
780
781
782
781
766
758
753
767
787
799
783
769
760
763
767
771
765
754
759
768
769
724
684
674
674
689
729
775
788
768
744
738
744
742
741
733
736
726
737
755
774
787
783
776
785
789
793
771
760
770
787
791
801
787
794
797
792
766
736
706
696
712
738
775
781
791
774
772
765
764
755
737
742
758
772
785
785
772
777
784
785
778
765
758
767
769
771
758
754
755
768
772
761
762
770
787
797
819
816
804
775
765
746
752
747
735
714
703
700
729
762
780
795
792
780
783
782
775
764
751
750
757
776
771
761
746
731
734
752
761
777
777
771
780
792
810
801
791
795
808
792
784
774
778
790
798
782
784
795
804
800
789
795
801
809
789
780
791
794
785
785
771
782
787
792
738
708
706
727
765
770
776
791
788
758
748
735
740
763
772
839
885
854
837
803
767
755
752
751
740
734
729
740
734
732
736
730
759
771
780
772
771
766
759
748
739
747
750
761
770
792
788
795
799
794
771
764
765
765
775
770
792
804
820
744
702
701
729
771
788
799
795
805
796
797
785
783
772
767
761
760
759
781
791
794
790
783
796
791
786
803
808
820
824
805
814
805
785
766
762
768
773
766
761
775
781
788
780
769
767
767
764
766
755
756
759
766
765
761
757
765
759
755
757
751
760
771
777
780
776
785
791
782
775
771
775
766
760
727
716
688
676
680
685
689
724
815
785
772
781
756
712
678
645
629
618
611
609
608
608
621
643
646
651
638
631
631
639
646
639
644
654
695
745
708
716
746
758
763
756
738
728
728
727
728
742
742
757
767
784
768
742
750
751
719
681
660
644
633
656
738
796
819
809
847
806
790
792
787
722
757
846
915
968
913
885
863
852
846
832
837
834
820
813
824
849
841
842
862
863
861
839
852
838
825
823
835
859
847
840
825
836
829
820
833
841
854
838
816
823
854
870
862
820
799
796
794
804
819
819
848
841
835
837
851
842
815
818
813
819
812
797
821
827
813
806
829
798
726
724
762
841
914
878
842
839
841
803
794
808
824
826
806
817
849
841
820
823
833
830
809
831
868
858
839
853
847
840
852
854
852
847
816
817
813
782
775
793
784
800
776
760
751
751
759
790
803
826
820
825
813
809
815
829
824
826
838
861
850
848
869
858
840
824
828
837
805
729
728
738
780
820
834
811
805
789
788
795
792
797
779
761
773
814
817
818
811
824
814
806
793
816
860
850
856
849
815
786
789
831
847
837
830
853
836
816
828
851
829
812
818
827
834
821
842
878
865
854
857
876
858
847
857
854
836
843
851
856
852
882
886
870
867
871
885
861
850
857
861
859
871
895
895
874
865
863
858
843
853
874
894
852
833
842
862
872
856
865
882
879
858
866
862
857
840
843
864
861
836
859
878
880
855
863
872
844
832
826
824
813
833
793
739
744
794
821
870
911
894
835
801
783
800
813
840
808
811
816
826
815
834
854
825
812
822
827
837
842
846
863
838
834
858
862
864
859
840
796
779
787
808
815
800
809
825
809
770
732
760
799
800
820
835
847
841
825
818
831
851
835
829
858
853