702
698
689
702
728
732
754
788
790
747
751
738
703
675
663
638
615
621
649
696
750
747
779
820
805
781
821
810
772
763
768
781
795
800
850
896
858
826
816
787
759
764
784
814
787
785
767
738
688
675
682
696
747
792
818
875
873
836
822
812
787
768
792
814
829
846
873
863
831
846
829
780
787
794
809
818
860
856
829
830
848
806
761
764
777
741
746
755
724
687
682
682
691
719
740
743
737
751
769
769
763
793
792
765
774
788
795
797
821
808
791
776
764
753
731
726
734
788
819
843
829
799
796
801
774
757
745
727
710
713
703
690
673
683
684
708
759
785
780
789
815
810
777
772
769
762
768
773
808
828
817
810
827
820
775
771
771
771
759
785
813
836
824
835
819
784
767
773
786
761
771
782
761
725
706
706
689
685
683
684
700
722
711
692
703
725
752
779
802
812
796
813
792
764
747
754
758
761
765
790
810
822
816
825
830
800
817
836
825
819
831
832
815
809
816
824
812
806
804
789
766
773
786
783
780
788
809
787
765
773
773
756
758
773
775
784
787
798
778
759
755
746
745
751
769
795
802
788
805
822
786
758
760
756
753
759
792
799
768
767
758
728
695
694
695
712
720
743
764
783
823
835
816
794
788
776
781
767
773
787
787
784
815
823
803
804
803
803
809
792
815
843
826
816
824
812
791
771
774
796
787
763
801
816
789
763
779
794
801
797
798
804
773
773
772
777
766
778
788
787
784
786
776
769
759
795
805
781
810
780
751
740
719
724
722
716
721
705
698
692
670
646
636
621
631
624
630
632
638
645
666
672
663
679
691
682
686
697
705
704
730
769
786
782
761
807
801
771
801
789
785
786
811
841
798
810
817
811
768
796
801
798
780
793
811
792
790
820
836
796
761
765
751
735
729
772
784
792
791
802
781
745
788
779
729
743
763
773
742
776
760
741
707
688
694
759
801
771
726
694
692
699
684
725
746
775
816
813
856
886
885
843
863
828
832
814
792
780
797
842
904
940
953
925
891
854
800
747
703
683
683
695
816
938
972
963
955
914
830
737
708
693
703
776
921
926
913
906
899
870
821
783
753
729
697
688
686
728
834
854
878
890
899
855
813
752
719
703
699
721
796
866
856
850
854
812
770
742
710
688
661
643
640
650
671
704
782
887
924
896
881
856
813
789
758
718
700
697
707
756
821
864
889
890
837
780
726
695
681
675
700
761
814
836
854
874
870
853
810
745
716
699
706
763
845
863
886
875
815
770
750
741
749
770
782
790
795
779
759
729
716
713
716
771
792
788
734
691
682
682
679
696
752
797
782
789
773
740
705
688
677
686
729
766
804
813
806
771
729
707
693
707
739
791
813
817
799
745
717
694
685
704
750
773
780
776
741
716
700
684
682
719
757
755
753
717
707
706
725
774
834
852
848
811
755
724
695
683
670
655
669
687
698
701
709
705
711
725
723
729
729
740
750
729
728
719
714
737
818
880
898
893
838
788
730
701
691
690
746
840
883
900
878
807
767
740
726
741
754
767
737
711
675
654
656
651
656
704
741
763
744
732
699
690
677
677
692
720
736
743
739
720
716
742
774
787
796
787
744
707
696
684
688
729
805
837
842
812
766
762
772
776
770
751
752
708
712
702
700
732
764
804
805
760
750
699
680
671
662
663
688
741
773
778
773
746
732
713
711
703
692
688
668
650
638
630
674
825
805
798
775
726
692
654
647
646
666
718
763
783
803
786
739
720
705
707
722
747
769
781
780
748
718
678
671
664
658
679
762
812
809
798
795
765
721
701
684
676
685
698
717
739
751
756
734
718
709
699
703
705
714
712
711
724
709
692
694
689
702
724
738
772
768
746
742
735
726
721
729
724
726
731
725
710
695
680
669
667
692
727
760
771
767
745
695
667
655
641
637
647
666
700
731
772
766
733
723
723
717
720
715
716
716
714
708
708
707
696
696
701
714
722
721
691
663
643
631
625
636
681
750
787
814
814
788
770
725
695
679
685
730
806
838
859
838
819
765
736
746
733
751
744
736
708
688
682
680
702
740
771
783
765
736
724
715
695
676
657
663
677
692
713
707
709
706
702
729
752
767
776
774
739
721
704
697
708
733
755
743
704
688
667
660
673
703
734
792
824
832
828
778
721
725
685
685
690
729
780
845
875
877
839
769
729
710
704
712
735
771
798
802
757
727
713
701
701
708
737
764
776
778
741
716
706
697
693
700
730
765
773
742
702
686
688
690
689
703
741
768
782
757
742
725
730
744
756
773
782
807
751
716
701
704
670
690
659
690
700
702
700
692
687
682
687
663
671
661
665
659
654
669
665
668
690
704
704
707
741
718
685
655
654
648
638
631
626
678
654
680
688
711
721
683
678
673
649
635
638
646
661
682
675
682
689
691
708
724
725
712
710
701
687
687
697
709
729
735
741
730
696
671
667
663
667
687
697
728
759
767
788
800
806
813
814
806
795
799
753
747
757
764
779
810
813
792
803
788
786
775
753
753
769
765
769
778
794
830
809
768
733
698
683
681
688
723
742
766
799
808
826
821
803
785
771
742
743
739
783
813
824
833
805
764
765
753
753
762
780
788
803
801
768
764
766
761
762
759
740
727
693
678
682
704
723
758
771
783
793
795
796
756
757
756
760
764
757
763
769
767
769
743
739
752
753
772
790
803
788
763
751
738
749
756
753
744
747
734
738
713
680
681
691
694
696
719
745
760
746
729
747
755
756
763
749
767
774
805
806
793
776
776
770
767
759
761
756
769
757
756
771
771
749
739
746
734
727
713
714
742
759
789
794
800
822
874
859
837
838
813
781
777
786
780
781
771
782
778
776
758
714
707
714
725
729
730
718
703
706
706
702
709
727
742
738
748
763
767
761
755
767
768
749
751
762
766
769
760
771
758
750
742
767
781
771
764
777
791
765
742
751
754
749
734
754
749
741
729
723
693
688
693
689
704
729
750
754
779
801
790
770
767
788
793
758
777
785
772
755
785
813
824
815
854
879
881
852
889
895
878
862
876
887
857
862
877
893
831
832
829
823
800
791
793
815
811
793
827
857
858
846
850
891
873
862
849
830
799
763
771
766
769
774
808
830
832
818
832
805
769
761
757
767
765
762
789
789
782
775
764
743
707
686
684
699
744
769
762
813
858
805
794
785
762
745
768
792
767
744
729
740
739
722
698
706
722
734
725
731
742
750
757