781
733
690
667
655
645
652
677
684
681
705
725
722
733
703
686
686
694
691
678
681
693
704
718
721
704
686
337
979
663
654
648
665
680
699
725
732
718
714
715
741
738
738
751
735
704
689
693
718
721
713
713
723
731
724
710
711
724
740
722
729
737
753
736
729
729
733
727
733
714
704
715
720
716
718
738
732
714
729
718
711
705
719
715
697
708
689
682
682
687
688
687
681
1338
675
680
686
698
725
738
731
733
757
756
758
746
720
707
702
704
714
724
710
712
713
701
681
683
690
697
708
722
728
719
714
728
720
705
709
727
725
715
711
315
1076
698
678
674
681
692
707
714
728
745
764
772
769
747
731
729
739
733
733
736
731
710
698
706
724
729
728
712
711
710
713
707
709
703
695
700
712
705
713
718
729
724
721
720
708
691
675
672
673
673
677
684
693
695
706
704
696
697
699
697
697
707
695
701
709
695
694
703
706
702
709
721
705
704
705
707
700
696
705
699
696
700
707
703
695
698
682
680
688
694
700
693
688
694
693
689
693
694
704
704
705
707
706
697
699
696
688
686
681
682
707
700
690
697
708
723
725
723
715
708
710
716
722
719
718
723
744
738
733
733
736
733
725
725
734
740
734
722
715
722
719
712
707
717
709
697
710
705
694
704
703
697
711
710
699
713
711
698
707
706
697
698
698
693
701
703
701
700
698
700
702
701
707
715
718
729
718
712
699
700
686
682
682
682
674
670
665
662
666
654
651
661
663
671
673
676
683
694
716
717
725
740
761
786
766
757
759
760
753
747
736
735
744
748
747
735
736
743
761
777
763
765
778
768
743
741
751
756
758
754
748
749
739
734
726
729
735
741
733
745
757
764
743
739
735
737
738
729
723
728
735
732
731
736
733
729
727
728
725
730
729
724
726
727
720
719
729
736
744
744
742
732
749
736
719
700
703
714
724
728
721
714
706
714
726
726
719
716
710
714
712
714
712
717
715
733
742
753
753
761
764
754
754
744
745
739
737
735
736
735
732
740
725
722
716
718
726
736
732
739
737
736
732
719
720
716
712
710
711
708
709
710
714
716
718
722
724
722
724
729
714
725
727
715
724
715
710
704
709
705
702
696
702
704
701
709
713
713
724
735
744
743
750
740
741
738
728
736
735
727
718
719
716
722
723
723
710
697
689
683
674
674
674
676
681
683
687
685
692
690
689
683
680
682
688
694
697
703
706
702
701
707
710
686
680
682
680
676
677
695
717
724
738
732
733
707
726
760
788
774
775
764
766
721
738
720
709
692
674
665
659
647
660
649
636
655
644
635
648
648
659
645
663
659
676
673
669
675
325
969
663
657
651
665
686
683
675
670
681
738
728
714
730
736
725
716
706
718
728
709
720
729
724
722
738
753
739
723
711
714
729
758
772
738
724
727
729
771
810
772
765
759
749
743
737
732
724
704
691
691
702
723
737
746
739
733
735
745
730
708
693
684
688
705
719
722
729
737
729
729
710
694
690
679
675
688
721
762
761
746
742
751
731
731
731
711
700
717
761
836
792
770
778
744
756
733
720
722
754
783
793
775
747
740
736
740
722
714
732
759
765
751
738
747
765
743
726
709
730
757
795
790
759
745
750
758
751
730
720
730
725
735
747
758
754
729
713
708
743
729
741
764
781
767
750
736
720
712
743
772
759
742
748
740
746
722
706
699
741
759
758
761
771
759
775
739
711
716
735
757
754
756
766
751
746
717
709
723
739
736
735
733
736
741
724
710
704
708
731
735
735
738
735
716
691
685
693
697
717
732
739
1415
715
710
713
705
695
705
743
1472
758
746
738
743
725
712
712
738
756
767
784
774
766
746
725
715
724
758
771
745
751
760
768
744
721
722
738
770
775
783
773
755
743
728
716
716
746
757
768
762
756
759
746
735
727
718
729
746
744
753
767
761
748
742
732
729
728
745
762
773
781
781
771
760
738
725
737
741
742
744
747
744
725
717
709
717
723
713
726
729
748
757
755
734
723
712
708
737
797
860
843
806
787
777
750
722
706
710
723
727
1396
729
730
740
727
717
322
1120
739
730
735
761
767
742
738
741
768
799
790
793
792
773
749
735
721
723
745
736
746
734
731
725
714
708
708
723
730
736
748
753
761
759
742
738
738
753
739
745
751
745
747
734
724
726
733
738
746
743
740
730
728
717
707
713
726
736
738
738
736
728
725
714
711
709
727
732
738
755
754
757
743
724
724
728
730
728
727
733
734
734
716
698
696
697
711
717
749
754
752
737
725
723
732
746
735
758
764
769
756
743
732
730
732
732
736
733
742
736
734
724
722
739
785
771
772
766
751
735
723
723
730
731
736
757
759
754
739
732
727
741
747
751
747
777
771
753
737
731
729
726
724
736
737
731
736
725
723
730
729
732
737
749
738
727
720
718
720
721
730
731
740
749
746
736
724
733
736
739
736
735
740
725
712
708
703
711
713
716
720
726
728
726
701
694
697
706
716
729
729
739
739
737
729
718
713
734
741
749
741
755
750
750
733
724
729
742
753
759
758
758
763
746
729
731
728
731
738
744
748
740
728
733
741
746
751
756
746
733
724
713
718
755
816
784
785
769
749
748
759
751
747
762
763
759
753
741
749
750
756
767
761
744
734
741
754
754
759
771
756
751
734
741
763
757
756
764
760
754
736
736
744
741
741
743
749
749
740
733
747
745
745
748
764
772
766
749
740
758
741
742
741
745
745
729
728
721
730
731
729
734
734
728
718
713
737
732
730
732
752
744
728
712
721
717
726
735
753
753
730
729
732
731
731
732
732
727
725
727
742
750
760
752
731
720
713
707
688
690
691
684
682
669
664
657
654
650
647
646
640
638
643
644
647
651
654
660
659
672
686
323
991
651
643
661
658
651
646
645
646
651
653
646
633
638
632
630
638
649
641
813
760
807
819
829
824
778
711
687
683
697
689
689
689
700
697
705
713
760
740
795
751
737
741
735
731
726
720
716
712
698
696
685
687
694
706
715
725
751
779
760
757
756
747
745
755
771
770
763
780
779
776
776
767
746
743
740
727
729
720
720
724
723
710
698
696
714
728
746
764
780
798
782
770
806
771
769
764
753
756
770
764
761
769
770
772
770
804
802
798
777
756
730
719
717
712
714
699
712
727
756
770
779
771
787
788
782
773
769
773
773
767
763
761
753
746
744
740
741
748
756
773
789
865
832
829
831
825
821
824
827
810
794
766
738
736
725
732
743
747
746
752
749
757
755
761
771
776
786
783
771
765
773
791
773
762
749
758
741
756
757
772
776
783
782
778
786
798
803
795
773
745
735
710
706
698
695
693
709
729
742
758
774
782
798
785
793
780
771
770
771
772
766
753
759
763
763
764
762
754
755
755
756
754
741
754
755
745
740
751
748
752
765
770
759
769
756
749
751
742
745
739
775
789
777
816
816
768
752
724
707
702
696
694
702
715
734
759
866
1109
946
899
844
795
754
725
690
696
732
740
726
723
729
742
748
749
763
760
759
753
762
777
776
785
777
769
753
737
717
699
695
714
709
712
708
703
704
705
711
719
729
724
733
740
745
746
771
799
784
769
751
738
725
706
692
696
699
702
710
710
722
729
731
739
741
752
744
751
746
740
738
757
758
771
764
772
770
767
754
751
750
768
783
795
794
795
784
774
768
762
753
757
753
747
741
748
745
742
736
743
748
773
778
771
760
740
724
732
728
721
705
695
684
682
670
655
652
655
649
653
659
667
658
656
656
657
663
666
682
694