874
890
848
858
870
846
856
844
812
792
823
822
828
839
833
843
872
828
831
847
844
863
875
855
854
858
831
854
864
852
859
865
830
840
871
864
856
896
876
868
907
885
859
878
872
856
858
871
875
854
864
875
847
850
839
837
837
867
848
866
905
868
866
879
856
858
904
865
876
907
869
879
878
856
874
884
865
886
879
854
882
863
846
867
892
868
883
849
848
870
868
851
860
855
839
857
871
854
871
896
866
912
944
890
892
896
866
853
867
854
847
872
915
888
910
894
872
888
865
889
916
913
864
878
864
846
860
874
861
882
898
892
884
898
889
878
913
890
895
931
878
876
892
854
865
918
912
894
921
886
900
888
861
878
879
867
877
877
855
883
882
873
892
897
859
871
867
845
860
866
839
863
866
839
859
862
846
848
875
821
853
863
842
880
881
864
887
909
896
901
895
879
887
864
870
870
844
857
879
882
859
867
885
864
874
875
847
864
890
877
892
892
889
900
891
892
899
886
892
915
896
889
895
873
881
884
857
871
885
878
892
896
872
895
887
876
892
886
877
914
876
865
881
882
865
885
874
853
876
868
842
854
901
868
881
899
868
886
893
873
899
887
866
879
894
865
889
888
861
880
877
873
910
887
890
899
890
877
891
897
896
899
880
890
910
886
855
879
912
878
871
871
878
842
835
864
860
807
756
720
737
767
810
873
857
868
875
875
865
859
907
880
909
904
885
903
873
837
776
764
721
696
701
701
753
749
714
717
696
693
682
686
708
733
729
732
729
727
729
704
722
734
827
864
852
800
770
747
724
733
777
822
818
825
769
736
751
737
728
757
730
714
716
711
682
680
693
711
744
769
781
795
805
794
763
742
738
749
740
744
759
803
792
740
732
727
729
721
761
785
798
800
793
777
794
793
817
824
824
863
898
884
861
827
801
863
846
806
810
842
844
813
844
872
872
854
795
748
715
687
665
663
680
723
903
881
865
866
931
896
854
919
945
888
855
896
867
844
838
908
923
885
857
842
880
860
854
844
862
866
838
830
871
903
860
863
882
896
877
842
863
853
859
852
832
817
812
811
838
851
824
837
838
796
796
806
775
749
717
677
672
655
647
661
701
751
792
777
771
771
757
735
727
729
738
725
744
785
760
730
734
708
714
725
777
845
863
901
929
884
911
890
864
864
858
833
851
795
774
774
757
737
729
740
764
777
783
792
850
829
838
857
845
833
858
855
845
844
911
877
854
894
860
833
839
838
826
834
867
837
817
833
823
817
814
812
750
715
720
729
702
707
730
756
726
724
740
723
731
731
753
775
731
723
767
757
763
769
764
728
701
722
777
785
795
837
822
785
788
778
749
720
721
708
697
689
679
698
723
769
774
796
776
817
800
735
719
735
742
720
720
751
869
869
874
873
856
865
842
811
784
778
806
786
809
802
778
769
777
770
808
815
827
818
841
857
844
817
836
821
807
828
772
739
762
778
794
810
880
884
848
828
788
751
714
702
725
749
787
822
831
821
807
795
786
763
756
784
792
800
813
806
758
743
742
736
765
810
824
822
801
803
791
771
788
787
771
805
821
807
821
830
816
825
825
816
820
805
762
750
754
734
719
738
714
693
699
715
731
741
756
763
752
749
737
736
738
749
760
755
771
768
756
770
744
743
768
754
748
766
753
749
794
779
776
793
775
755
772
761
751
736
762
761
765
797
783
761
780
777
771
804
808
800
834
814
805
769
741
735
743
764
773
781
774
773
783
771
766
775
772
785
790
782
784
787
781
781
795
786
746
708
692
690
701
708
728
779
784
787
810
796
777
795
766
731
707
833
818
757
717
724
744
777
809
793
838
850
845
851
823
809
791
785
786
798
809
807
814
815
827
817
820
818
820
800
804
809
817
845
826
824
825
790
769
748
719
702
685
671
662
669
700
702
745
804
834
842
843
842
846
837
799
764
746
722
694
699
725
755
805
850
834
853
836
807
755
773
756
749
769
811
811
797
804
783
778
803
769
750
771
760
757
784
806
805
811
806
785
767
769
753
728
724
743
785
839
815
803
813
811
816
809
782
758
728
708
709
729
737
763
773
776
789
780
774
774
762
757
731
700
689
688
700
731
778
825
839
821
818
813
778
748
736
744
739
721
710
688
682
665
678
707
719
706
725
715
747
719
707
695
716
758
767
801
806
815
855
850
874
892
891
909
858
842
849
811
757
726
699
690
688
673
664
653
660
725
729
742
798
863
891
941
929
945
868
913
898
807
809
836
798
770
813
890
907
813
811
846
861
857
854
796
785
801
854
859
867
802
772
809
835
856
859
879
834
817
768
726
730
746
779
811
841
831
822
815
766
733
752
774
801
816
816
827
831
834
833
829
814
822
821
788
745
741
738
747
759
787
817
846
865
864
855
836
831
835
816
820
820
827
833
823
820
803
801
817
816
823
842
829
837
834
828
820
798
803
799
782
780
778
770
785
795
798
809
808
801
821
828
831
832
815
812
809
800
804
815
814
822
816
808
819
813
808
828
837
819
819
809
801
813
815
821
823
834
822
839
834
838
831
829
831
833
824
843
844
834
837
838
823
829
819
804
827
843
822
828
798
802
821
825
832
798
758
742
746
766
793
816
854
853
854
872
875
886
883
876
882
877
886
893
904
905
885
895
916
888
885
907
869
893
908
881
879
877
848
841
838
830
846
858
844
853
862
800
790
792
795
820
834
857
863
858
854
861
839
834
835
827
838
840
807
798
799
790
786
795
817
879
915
896
902
878
856
848
846
832
839
845
854
885
894
864
866
865
851
855
857
840
845
859
851
859
877
879
872
879
872
871
880
866
865
850
840
835
846
851
861
863
862
847
854
855
880
889
883
885
876
865
884
887
879
891
888
859
877
881
854
872
875
869
874
871
855
852
856
865
871
875
871
868
901
841
839
828
831
857
853
902
899
908
913
884
887
903
892
923
931
926
950
912
886
895
908