771
753
741
714
722
771
775
742
729
751
736
705
719
720
729
695
692
732
742
727
709
729
782
821
785
765
747
756
777
796
764
733
750
761
789
748
722
751
782
811
805
764
766
797
811
795
751
777
826
808
776
751
775
816
822
783
741
746
762
795
773
742
745
710
699
699
749
819
835
832
770
740
737
743
796
820
792
756
727
722
747
796
813
817
796
750
757
792
831
807
748
727
719
734
792
832
796
755
781
800
825
856
827
784
764
803
849
836
788
758
785
824
837
816
760
744
746
775
814
791
763
795
858
869
844
780
771
810
821
827
775
740
740
757
810
832
792
750
752
759
791
838
831
790
792
802
810
800
752
720
726
732
762
774
748
734
724
736
768
819
798
767
730
723
727
749
792
813
757
743
769
833
842
776
760
806
827
799
759
744
780
815
824
794
818
812
816
777
783
819
820
789
799
879
844
758
798
816
803
766
789
798
779
743
727
749
763
802
769
756
793
791
779
739
732
738
780
786
760
719
705
703
728
731
759
733
715
701
715
749
753
731
706
718
748
767
763
735
729
768
811
802
770
804
812
787
761
779
774
731
734
748
778
761
724
736
768
822
822
801
779
762
730
716
723
760
814
859
821
793
759
770
807
812
782
743
753
778
830
805
760
736
758
787
817
771
806
816
798
741
716
724
733
744
718
709
730
757
762
732
767
789
784
771
719
697
693
703
716
709
734
722
708
734
771
796
761
731
756
811
798
760
751
797
842
802
760
792
805
785
766
736
790
818
773
750
722
718
695
709
716
698
689
673
682
683
681
669
693
685
662
657
651
672
685
658
683
659
662
676
689
705
677
655
672
684
695
732
726
664
676
681
676
673
681
1394
645
643
636
638
662
690
664
668
723
778
836
842
819
748
716
719
699
688
661
645
652
648
654
679
674
656
680
657
646
636
648
686
700
680
728
730
709
688
728
720
735
736
710
701
675
660
660
706
780
799
802
762
776
807
790
793
767
721
723
726
712
742
846
841
831
759
725
730
754
749
751
755
718
723
729
721
716
713
702
675
674
665
712
707
742
761
746
733
703
675
666
665
677
702
737
739
720
751
784
763
764
717
732
754
795
750
710
739
777
782
754
735
759
768
767
754
740
762
757
706
687
695
731
742
768
763
697
729
719
704
686
657
650
654
660
688
781
871
938
937
886
857
785
739
695
710
698
683
673
678
692
742
871
946
887
835
813
780
781
744
721
681
665
658
663
688
739
824
848
923
920
873
844
812
758
728
710
691
664
655
650
657
672
727
763
828
886
882
835
813
770
740
719
712
687
658
642
632
632
646
665
704
846
854
868
857
846
825
784
750
718
698
686
667
644
632
630
635
662
720
738
787
817
907
895
896
837
802
776
743
708
666
645
634
629
636
650
658
688
728
767
836
807
790
760
737
737
710
694
676
656
656
657
674
695
731
781
857
886
883
834
817
774
728
693
665
626
624
602
579
631
701
852
867
852
821
788
771
748
730
708
674
654
642
633
634
645
670
743
830
847
858
810
778
753
721
695
662
635
626
621
616
621
637
686
809
852
861
844
814
782
747
711
686
664
647
627
615
615
614
628
659
688
770
858
880
860
825
805
780
734
691
654
635
627
617
615
628
641
679
769
849
894
855
805
785
750
712
677
642
621
610
602
599
604
643
791
832
835
818
813
793
798
744
710
684
648
631
621
615
620
633
674
814
863
866
828
809
781
744
709
682
652
626
614
606
617
592
599
626
672
768
808
804
819
783
758
740
707
666
648
639
635
644
672
739
845
891
863
821
796
752
714
689
667
640
627
612
616
616
638
691
743
710
798
822
782
766
756
729
715
703
655
680
681
673
642
560
767
646
623
646
647
647
648
643
642
640
623
613
601
590
591
592
598
620
675
794
858
875
870
832
791
762
723
689
658
629
617
610
603
607
625
662
722
804
829
846
822
791
758
729
700
674
646
1265
605
590
581
580
599
784
864
857
866
840
814
803
756
724
688
655
642
634
627
635
668
731
818
820
791
771
740
723
693
672
654
638
625
618
618
622
633
687
775
787
810
786
751
726
697
679
652
639
635
632
636
654
723
826
847
853
893
818
797
754
717
685
657
644
631
619
609
613
614
625
652
689
807
868
851
845
802
772
747
717
697
676
650
633
623
615
615
630
674
781
886
905
910
833
825
770
736
703
678
659
644
630
623
618
619
630
646
687
768
824
849
826
807
770
729
700
674
656
630
615
606
603
602
612
646
691
741
842
875
881
843
811
771
740
711
682
651
633
626
618
613
624
655
772
811
813
785
774
748
718
687
660
646
628
611
602
597
594
598
620
663
751
837
827
801
773
748
720
689
650
635
624
620
625
646
700
803
855
873
860
813
776
734
702
675
653
636
616
608
607
606
616
640
681
792
824
819
794
780
756
724
697
661
633
618
631
624
640
677
691
673
689
729
817
840
814
778
736
740
752
743
728
689
670
677
674
690
694
675
658
650
634
620
604
600
611
608
624
643
658
653
658
640
637
634
629
641
647
643
639
650
703
746
826
809
837
824
808
756
738
776
806
840
863
808
739
750
768
736
706
719
771
875
864
780
773
789
816
777
736
706
697
715
785
835
828
809
780
735
717
704
710
743
760
748
734
710
718
754
769
760
768
719
700
697
720
759
794
800
752
723
729
748
739
707
686
683
678
736
774
831
797
813
762
735
707
682
660
650
644
656
692
841
821
804
805
781
760
737
705
687
704
738
781
797
806
800
756
756
720
702
722
759
873
905
882
813
751
739
766
791
794
794
772
749
724
733
701
686
709
745
820
854
779
735
736
744
777
768
756
720
709
725
742
749
740
740
721
690
702
726
795
843
817
762
757
785
813
817
782
776
770
734
769
839
847
854
835
815
794
766
741
717
679
669
679
714
740
742
762
737
717
730
735
791
811
843
815
813
767
732
726
729
771
860
863
821
790
754
730
728
749
813
834
843
790
765
737
742
791
875
913
871
826
799
763
755
791
806
829
791
762
730
729
710
684
701
720
726
719
692
694
705
723
729
700
690
700
713
718
693
679
688
717
759
774
757
781
749
720
704
702
726
796
856
873
820
802
768
746
720
705
718
783
842
843
834
818
790
771
722
698
696
698
737
845
869
872
855
816
802
766
737
740
749
803
834
843
786
766
758
732
699
698
698
734
771
792
798
765
731
690
683
682
681
689
705
707
727
737
711
711
694
678
1350
646
642
647
668
682
726
839
990
985
938
832
855
881
874
809
771
795
822
820
813
791
766
801
809
867
802
782
821
858
794
772
807
848
847
832
781
778
799
791
780
784
753
789
770
814
852
802
794
838
834
797
767
793
818
776
767
838
812
742
721
743
736
718
708
815
846
822
784