709
816
767
761
749
759
780
780
711
830
854
903
811
753
729
772
777
756
718
852
813
790
729
829
835
880
856
796
778
788
813
780
712
723
833
825
838
821
732
735
739
818
812
832
799
776
726
746
802
852
881
871
835
776
777
812
826
834
796
725
797
802
833
830
788
716
744
812
790
776
717
748
728
729
844
836
823
783
730
721
712
798
754
751
706
713
703
760
736
744
689
706
694
754
743
735
680
701
683
738
748
757
754
744
750
774
855
854
807
771
711
734
806
800
805
779
728
749
873
830
799
733
756
732
782
781
833
818
792
727
738
729
795
794
839
827
757
756
747
841
818
816
740
739
731
722
792
779
828
790
725
732
714
766
769
827
837
804
730
724
713
718
806
797
806
785
707
718
707
711
804
795
825
806
779
760
708
791
813
820
829
794
721
718
698
718
796
781
776
780
699
711
698
709
773
771
785
758
688
714
712
707
770
753
781
776
767
709
725
724
794
808
831
817
729
738
732
741
829
787
782
772
709
736
742
800
823
826
797
770
702
730
712
760
788
798
795
786
716
742
729
822
783
795
799
832
786
699
704
699
759
779
779
698
716
782
806
791
778
712
735
723
767
790
783
775
700
682
660
702
826
960
938
869
784
721
729
819
828
786
735
796
814
896
893
824
770
717
795
786
772
763
715
738
797
807
799
713
695
672
654
637
624
622
1616
774
693
672
650
638
635
652
666
670
735
761
785
789
794
765
750
775
843
849
857
839
821
847
926
905
879
812
847
881
838
823
785
763
694
682
655
648
641
645
651
672
738
654
668
661
685
688
684
734
748
782
762
700
732
796
805
832
740
759
729
797
810
812
780
720
736
816
823
807
797
718
729
780
761
708
728
724
799
811
824
725
732
714
784
763
768
706
717
732
816
772
777
708
728
781
759
713
743
781
782
817
708
710
786
712
708
692
664
651
628
622
603
605
595
591
589
581
581
581
572
573
571
571
585
590
587
604
602
601
587
591
597
606
635
635
636
646
959
948
927
876
799
692
680
681
1051
995
971
877
771
708
688
725
953
986
944
810
744
800
862
915
969
938
833
727
690
690
826
910
928
965
987
962
921
829
725
706
725
936
989
1005
973
850
805
720
717
686
699
711
786
710
795
705
709
693
713
817
858
850
816
728
711
687
674
683
685
1054
900
868
814
830
826
836
815
806
787
786
779
793
766
762
765
725
811
702
694
674
672
688
741
726
725
663
674
667
717
765
846
862
854
816
750
683
692
778
1031
1011
1036
1005
922
783
717
709
732
903
1003
1009
957
813
744
737
810
843
945
972
863
781
764
860
854
929
961
893
822
719
703
692
806
956
963
975
948
894
801
699
695
691
807
1038
1001
997
965
895
808
702
698
683
802
1025
989
950
944
938
874
789
690
683
677
835
898
934
939
983
936
884
748
702
704
803
860
954
964
945
880
753
707
687
693
813
836
881
935
945
877
778
698
689
704
979
962
900
914
910
868
819
719
715
743
1030
978
984
972
921
867
823
715
702
687
717
1094
999
978
960
907
886
795
702
694
688
853
892
966
954
925
817
809
789
706
711
711
734
925
927
941
896
830
722
687
660
653
650
785
932
938
955
940
893
838
798
751
687
706
774
1082
1022
1017
992
946
882
818
709
704
686
722
1089
1016
1039
1021
1002
950
760
718
702
725
844
940
990
988
940
885
733
708
687
693
848
934
962
977
951
862
756
751
791
826
852
897
941
924
877
814
707
704
689
714
867
856
889
908
886
836
786
713
701
681
688
811
961
991
988
938
893
802
700
694
686
777
989
1027
995
945
856
782
697
692
683
803
1129
1055
994
955
870
815
720
701
678
679
825
955
986
986
952
890
751
709
697
775
842
913
939
955
910
853
793
702
706
688
707
851
904
962
982
904
856
722
708
689
696
811
855
910
959
947
817
701
682
660
636
640
648
678
842
809
839
846
824
794
752
683
678
665
664
744
791
859
892
884
866
806
704
703
681
692
800
870
922
968
952
913
841
756
700
709
725
869
865
895
945
925
879
810
706
702
685
713
869
900
954
967
943
878
807
704
697
678
699
951
934
979
966
896
823
708
694
681
701
879
883
915
941
897
838
707
694
679
695
846
859
904
908
896
818
720
708
685
690
827
853
892
912
899
854
769
703
704
695
774
814
852
899
914
894
854
793
698
691
673
669
801
834
896
953
963
938
823
714
711
724
813
806
934
964
926
854
759
690
689
687
772
837
910
932
913
859
792
696
689
685
802
801
839
889
920
873
813
758
683
685
676
709
872
929
911
845
771
690
679
665
669
818
898
954
959
904
847
764
684
678
669
696
955
937
962
942
913
811
699
710
679
648
667
645
636
664
660
726
669
761
659
669
645
646
630
619
604
611
606
608
613
605
610
617
616
645
644
618
662
629
690
688
709
718
657
646
663
713
708
726
715
680
686
734
652
678
665
898
771
693
686
748
687
795
938
954
903
868
824
776
702
761
813
966
961
842
793
756
742
686
685
695
743
791
825
796
707
727
683
655
637
625
627
620
615
621
630
673
636
688
647
658
708
770
803
813
783
756
696
713
774
774
826
828
823
766
702
700
697
715
823
796
849
822
710
686
653
635
627
615
602
595
598
620
693
643
646
782
782
762
689
777
801
897
904
881
856
848
814
812
802
849
865
860
811
787
762
710
775
778
883
890
865
837
786
743
689
695
708
759
838
957
910
843
786
747
688
698
685
683
698
798
802
803
788
784
759
685
688
676
685
696
694
685
673
689
701
755
670
682
655
635
623
613
599
586
578
573
583
610
613
601
616
637
665
822
864
854
837
859
808
699
697
766
817
895
954
911
855
789
815
865
882
828
777
719
789
827
961
868
822
779
781
719
713
715
791
788
840
865
854
791
703
720
770
784
858
848
818
762
705
787
714
770
766
757
716
729
702
704
688
693
666
656
646
642
643
632
615
607
597
593
587
586
583
579
596
663
625
618
616
603
601
607
696
653
676
766
827
839
843
714
708
702
810
792
810
786
731
813
794
883
877
751
747
807
797
858
830
733
732
711
738
853
800
733
755
722
722
794
763
712
809
725
796
768
768
782
764
698
703
688
688
768
804
811
729
736
741
794
788
785
718
723
729
783
715
845
725
733
695
663
647
627
612
601
593
615
716
794
911
863
776
769
788
775
681
667
660
670
701
771
795
827
739
735
706
719
790
803
809
786
729
845
719
743
721
710
774
789
853
859
756
686
671
646
634
628
656
677
696
665
655
636
623
620
618
632
631
641
657
653
654
665
729
706
709
670
685
698
816