658
668
395
793
598
613
626
652
680
641
591
588
686
899
702
699
418
984
811
697
758
931
911
769
789
854
827
741
805
1004
953
823
850
915
860
780
843
908
862
787
900
917
818
790
807
854
756
815
943
843
725
759
825
799
699
735
839
944
862
785
813
832
818
440
1006
819
876
811
848
437
968
714
800
1021
922
799
834
862
828
735
778
893
885
784
771
825
858
771
485
994
767
793
757
823
854
862
772
811
825
838
762
800
854
851
745
761
812
871
813
753
789
851
785
705
777
790
756
675
708
768
835
742
719
726
756
711
707
756
774
790
734
783
796
829
773
792
834
822
760
739
770
808
847
797
777
790
808
809
778
832
841
836
788
749
756
781
777
704
692
739
960
927
819
706
710
758
790
797
700
710
787
848
804
716
750
795
810
743
730
759
795
813
772
834
848
828
766
784
773
726
678
651
642
644
1078
1000
952
809
700
712
731
793
817
746
761
807
830
429
920
720
750
432
932
711
703
665
641
693
812
709
790
903
884
804
824
816
752
709
706
735
783
752
711
747
746
733
694
723
768
819
760
757
797
794
720
714
740
778
756
730
744
758
758
700
718
742
782
708
739
774
772
727
738
768
798
765
725
766
782
749
691
667
675
756
810
753
702
711
743
797
750
723
743
774
744
720
733
737
768
701
719
766
792
761
721
766
776
780
688
691
714
758
788
728
755
787
788
738
749
786
777
721
699
711
750
720
494
998
831
851
753
790
809
780
709
718
765
811
760
767
785
727
680
702
732
670
687
728
751
753
707
748
657
673
644
656
651
610
603
592
580
577
573
578
603
592
593
616
621
599
619
633
629
608
592
592
631
736
771
830
773
676
703
711
714
744
827
810
735
764
740
761
676
654
654
670
855
918
837
869
863
748
769
782
771
751
696
724
767
857
872
846
784
806
797
760
728
446
958
740
714
739
751
817
850
735
685
649
644
715
854
785
729
694
670
660
667
651
658
869
947
954
905
787
821
779
720
741
765
793
791
761
758
736
717
660
643
626
620
696
1076
931
873
840
798
727
662
646
612
665
762
712
930
931
817
747
677
646
620
599
636
843
818
942
939
897
854
729
703
722
723
652
703
771
755
699
650
617
604
603
684
807
848
866
835
809
715
694
700
775
813
847
813
780
757
704
538
781
639
710
757
863
827
773
734
697
634
616
581
595
659
857
880
851
812
758
680
637
602
579
588
694
930
881
813
786
702
636
606
595
625
833
863
825
757
704
653
635
609
588
609
774
881
783
733
684
647
638
620
635
769
852
858
844
762
729
711
763
788
791
771
744
723
659
645
644
671
735
790
792
754
681
637
625
594
595
689
787
836
799
759
699
451
757
601
604
639
826
861
792
713
403
768
608
590
593
804
860
883
849
765
680
675
660
646
756
806
804
771
709
659
627
615
589
587
660
786
835
779
729
660
648
646
646
669
785
834
808
754
729
706
645
631
616
599
633
836
888
836
833
727
668
633
614
601
581
575
588
686
771
811
743
653
640
633
622
659
773
852
815
754
708
667
648
642
615
675
786
812
769
717
680
635
620
606
581
600
737
941
874
789
731
660
640
623
600
641
775
824
762
687
658
626
614
591
585
617
726
882
853
781
699
650
641
624
632
722
783
813
755
726
661
644
627
628
665
737
789
756
721
646
639
606
600
639
733
846
825
750
700
656
652
632
651
711
769
762
742
717
677
667
657
647
701
756
784
766
727
682
635
628
597
583
629
879
861
840
780
740
716
659
633
622
608
619
737
784
784
768
715
662
640
632
612
627
684
726
738
709
692
653
627
611
587
588
664
431
945
728
659
620
600
596
588
590
629
714
891
836
715
686
642
646
615
603
601
613
659
738
746
718
669
647
635
672
967
830
765
726
679
641
636
619
645
723
817
806
790
754
690
680
694
724
772
759
734
694
646
633
621
610
631
678
716
719
690
648
631
614
603
608
674
737
750
727
685
632
612
604
624
709
749
767
748
705
648
620
613
633
679
720
723
693
670
649
618
603
595
603
641
712
736
716
688
657
630
608
601
618
695
728
754
748
700
645
620
611
621
655
711
725
718
686
662
473
731
619
614
645
691
663
656
637
623
607
613
635
679
816
725
717
656
627
610
615
649
748
793
724
657
629
614
591
591
596
634
709
723
702
638
619
610
627
701
815
815
710
660
653
667
687
765
787
788
682
658
667
672
721
780
814
790
681
655
663
662
696
765
773
745
666
651
651
647
688
777
801
769
690
655
645
646
669
764
842
825
792
709
671
649
667
753
759
784
744
670
656
647
632
662
743
796
781
742
668
641
630
617
662
406
906
719
674
642
625
658
812
895
841
771
682
668
670
679
716
769
772
671
677
697
686
655
642
648
646
655
659
682
699
693
676
646
631
615
607
593
579
581
603
614
642
658
670
657
635
622
610
650
1001
890
861
828
806
787
729
738
734
757
712
731
736
741
728
717
705
678
702
706
742
782
814
821
841
813
758
417
849
673
647
657
681
804
838
735
711
704
688
671
658
647
638
656
1053
728
676
721
842
842
761
827
790
790
777
751
764
784
783
798
802
779
775
760
755
745
756
749
756
757
771
755
707
688
686
712
824
852
820
799
759
717
700
667
653
642
620
615
703
877
860
843
807
782
787
769
704
709
729
763
811
839
782
719
747
783
795
798
777
750
741
712
724
740
767
766
768
796
759
699
679
694
720
798
833
819
793
795
765
748
730
722
711
705
682
691
724
754
772
754
697
671
656
640
628
745
940
871
805
759
749
737
722
727
432
896
694
712
761
806
822
833
831
806
787
777
421
873
668
663
683
860
997
973
935
876
845
771
769
763
744
711
677
658
421
810
646
721
817
882
883
831
826
797
745
736
775
830
811
815
795
811
779
790
793
774
843
806
767
771
777
762
721
706
731
796
878
886
835
831
793
774
439
918
672
657
427
960
886
969
963
883
872
818
762
713
730
786
847
869
861
768
742
753
797
867
853
806
744
739
776
823
902
842
795
789
784
803
764
703
713
808
930
865
801
734
429
947
722
767
756
759
922
946
901
807
786
798
817
442
931
735
807
909
802
743
760
772
749
707
707
689
665
653
721
683
714
816
878
793
746
778
821
811
779
774
433
989
760
671
682
776
1201
959
833
893
979
911
784
854
840
909
841
844
890
893
849
824
826
840
803
774
860
895
891
821
841
903
820
757
765
811
911
837
792
852
875
753
706
737
739
830
730
670
654
659
752
784
817
808
691
733
740
727
682
667
676
676
690
688
645
658
690
744
774
756
710
700
772
759