866
882
954
791
892
933
806
834
821
769
771
941
828
789
817
779
716
715
742
763
1021
1137
959
1028
1012
827
980
971
953
1104
930
970
1044
881
1046
912
899
902
911
920
1022
932
882
971
867
918
933
944
868
985
938
857
962
894
888
926
915
867
964
938
870
940
848
907
899
908
877
959
862
894
839
751
685
715
837
843
852
953
905
902
896
803
820
877
813
861
923
865
906
971
960
857
921
897
829
893
934
820
1058
1105
974
1060
886
840
1053
911
989
1021
887
985
908
936
969
1024
899
1021
921
935
974
1020
854
952
919
877
907
1009
928
899
941
930
1039
930
877
979
911
927
839
876
1016
933
939
943
947
904
983
890
937
958
951
881
957
853
909
1007
889
991
901
935
951
1010
911
1010
901
965
960
941
890
1014
880
892
947
942
897
982
865
988
985
954
916
1002
882
999
986
984
930
986
855
875
847
815
873
994
864
952
904
925
917
950
875
1005
894
903
952
1015
897
1040
959
960
952
938
884
1007
896
917
909
906
906
983
873
893
845
785
710
683
690
779
958
939
1009
910
798
862
886
792
842
946
826
878
952
823
884
917
826
888
925
843
809
906
918
823
878
923
802
813
891
842
847
965
857
842
903
836
811
945
956
843
900
942
846
841
930
859
844
873
869
784
802
810
757
793
915
839
900
957
889
886
942
831
807
744
692
678
666
643
643
667
671
658
673
680
708
695
716
720
712
724
675
657
644
635
652
781
898
872
750
753
798
847
870
818
868
833
770
798
762
727
703
732
895
956
935
918
916
824
765
805
936
832
797
854
891
911
768
772
807
832
777
792
903
836
884
968
885
865
945
928
863
828
815
790
779
758
806
826
826
849
784
835
924
970
986
925
837
827
826
902
901
799
860
928
853
760
784
839
785
753
827
868
802
878
914
827
828
811
812
947
839
803
869
873
828
901
915
824
910
843
812
863
843
844
906
906
809
796
824
860
759
742
750
748
884
948
812
843
929
880
776
793
840
873
787
770
812
863
806
770
805
848
786
808
824
762
798
813
753
782
809
827
759
794
849
801
807
843
796
839
876
789
835
841
786
823
847
789
837
875
819
871
849
806
826
825
777
855
860
788
841
834
798
889
858
862
882
882
822
891
932
836
919
842
831
853
823
825
878
815
805
860
793
788
796
752
698
728
776
782
833
908
871
885
838
805
869
861
810
931
904
826
906
892
844
924
934
834
893
879
847
862
855
849
854
837
824
868
851
784
771
830
910
958
961
902
841
802
784
777
764
761
725
717
727
779
781
825
940
819
825
895
781
814
810
765
744
796
911
828
913
864
880
858
1584
761
739
764
813
810
854
788
799
779
807
872
888
956
1003
1022
937
900
781
751
749
767
856
844
780
763
844
893
802
855
885
887
865
796
771
767
755
749
788
962
971
802
933
932
812
881
837
812
937
955
841
922
919
816
819
939
903
834
800
849
885
829
908
843
788
866
868
813
886
849
827
891
820
847
904
829
968
879
803
884
876
808
886
832
813
881
815
791
851
843
804
889
875
813
862
838
786
826
859
793
902
878
795
835
846
810
893
869
832
802
914
880
830
899
840
839
901
840
841
891
829
835
861
812
818
920
824
875
874
813
861
856
814
902
931
884
934
857
860
902
797
915
923
849
938
869
836
936
833
906
926
799
919
869
1026
1155
1016
1030
940
985
901
900
1001
956
1019
984
1001
953
947
907
854
914
970
903
1013
941
1020
976
961
949
916
928
854
871
807
791
900
885
842
967
847
843
896
835
927
871
834
940
865
952
956
843
875
787
723
803
845
884
854
860
877
878
778
767
768
782
755
803
799
869
920
967
964
933
936
810
796
790
822
815
774
821
826
864
922
812
978
938
954
1009
920
909
901
858
1003
941
1011
919
938
936
816
959
909
917
1026
950
941
919
806
826
918
1070
954
1025
986
818
911
913
856
936
981
964
858
895
888
820
831
884
889
896
847
922
925
783
807
760
765
750
718
685
728
834
1041
922
1093
1037
989
989
963
952
888
945
953
837
868
874
834
778
707
711
659
706
676
675
690
678
697
682
688
719
738
730
823
858
782
810
756
722
830
1024
825
842
852
823
913
1181
1008
1028
872
922
956
961
1252
1019
1029
1051
929
1031
1055
1017
1063
966
979
1047
974
1140
926
1063
1085
1032
1186
1017
1106
989
1052
1132
1018
958
929
929
1142
1005
1190
1003
937
1064
922
1038
988
1004
1094
896
1064
1003
960
1131
1025
991
1116
954
1067
970
1045
1271
1047
1096
1062
955
1065
1140
998
1110
1089
969
1051
1189
1030
913
1137
1082
1022
1153
1082
987
1014
1234
1043
973
1064
943
951
911
888
1108
936
1079
1053
1093
921
1009
941
980
988
1097
992
1036
998
1112
981
1088
1028
1011
947
1025
881
1034
1205
1041
1052
960
909
995
1023
953
1147
1025
1091
1042
993
913
913
904
865
914
1083
1013
977
1089
961
960
1000
1112
915
1056
1009
962
954
1021
862
952
1099
966
1000
1068
930
1031
970
989
1009
1055
937
1061
909
982
978
972
947
985
878
863
737
733
831
1326
1057
1059
1104
921
1070
1035
851
1169
944
995
1167
1018
1250
1060
1084
1061
978
1129
1051
1079
1146
1017
945
946
971
973
1127
1003
1009
1079
958
1118
936
1073
901
1070
1027
1050
1150
1061
976
1063
915
1031
988
931
938
964
966
1065
1046
1010
995
964
1046
955
973
995
1031
947
1106
1013
1039
1045
1079
968
1086
936
1044
1136
807
732
704
714
784
925
1395
1238
1130
1135
962
943
1085
953
1018
957
966
1021
1108
961
908
889
1079
885
852
874
1174
917
983
968
853
787
793
938
1217
1164
1058
1016