628
605
610
639
685
672
661
687
698
721
671
630
613
616
647
714
744
740
687
645
625
632
672
759
781
782
725
672
658
676
735
791
805
749
705
695
725
789
819
800
740
695
701
735
787
803
773
719
718
745
767
759
716
677
663
690
743
799
781
722
691
704
735
771
762
702
676
683
721
768
791
749
709
706
728
761
780
745
700
703
730
766
771
732
698
688
704
748
783
755
721
733
771
793
784
736
711
728
753
771
743
715
705
720
743
745
721
688
678
696
748
785
769
725
702
717
750
772
749
703
678
679
700
751
769
740
714
720
744
771
777
728
685
665
665
687
722
737
699
666
653
653
698
754
778
746
699
699
708
715
721
694
661
657
664
692
720
717
688
676
685
702
715
702
671
655
659
687
718
725
687
665
665
681
709
720
680
652
639
643
665
706
724
712
684
681
695
713
722
697
662
646
647
668
693
716
688
656
642
640
651
675
680
646
625
628
649
667
674
644
624
608
604
623
664
681
670
646
628
639
657
678
690
668
636
630
635
655
691
716
676
653
644
653
683
714
717
682
655
648
659
690
708
700
660
636
632
639
677
707
712
673
648
646
654
667
678
658
633
614
614
628
653
677
675
649
639
644
658
678
688
671
645
630
628
634
654
664
646
625
616
613
623
662
702
685
659
647
652
667
686
682
658
645
648
660
690
714
703
667
648
640
648
667
676
652
639
639
648
673
706
702
666
642
633
638
653
681
672
656
647
652
672
686
677
647
641
642
652
663
669
645
626
624
634
650
666
651
633
630
638
645
643
620
600
595
604
632
658
638
618
636
657
682
676
643
615
601
602
608
627
634
604
587
585
606
665
718
715
666
641
631
641
642
621
596
583
566
563
574
582
570
567
578
604
638
609
593
597
622
625
593
613
627
614
598
585
584
584
568
563
557
567
578
554
562
571
577
572
570
578
585
583
567
556
554
544
546
558
578
593
586
569
563
576
598
636
658
635
608
604
623
648
667
662
639
619
612
613
623
643
643
626
607
601
600
620
651
673
670
638
614
602
598
611
634
650
648
621
600
589
583
595
646
672
657
622
612
606
612
632
654
656
641
638
642
650
646
632
619
602
586
574
582
600
618
619
606
598
586
584
597
634
710
738
760
737
670
638
619
617
635
662
670
654
617
604
595
599
641
689
712
686
645
628
634
646
676
701
714
672
640
619
621
628
648
665
669
629
607
604
605
617
680
719
729
675
637
634
641
660
695
707
688
646
619
614
612
635
665
698
678
642
616
616
621
645
675
687
662
627
613
617
631
670
699
691
647
630
631
640
659
686
685
649
627
633
638
647
652
641
614
605
609
619
649
669
680
640
618
609
618
630
655
677
656
626
621
632
642
673
681
667
630
607
601
607
629
671
698
677
636
625
640
654
683
685
654
626
614
623
627
646
657
644
619
615
626
635
661
682
655
630
622
631
638
655
667
646
619
615
623
625
641
653
645
618
626
646
673
700
718
675
650
654
653
654
652
642
616
608
612
610
632
647
652
629
608
603
602
615
632
641
630
609
600
600
596
613
621
620
599
593
595
597
614
622
637
629
610
604
606
607
610
623
621
596
588
584
583
601
631
651
655
636
614
609
616
623
643
646
630
608
604
608
618
635
651
636
613
600
600
598
618
646
653
635
621
619
624
637
660
664
642
624
619
624
641
662
682
668
645
623
626
626
636
646
641
623
621
635
652
668
675
642
620
610
606
611
626
646
640
624
622
631
650
675
673
646
624
624
621
623
630
635
611
602
596
595
606
648
678
654
626
620
636
656
680
689
662
644
640
639
646
648
648
633
626
632
644
676
699
697
678
670
667
671
682
670
648
630
627
622
634
650
649
643
648
654
671
678
672
645
622
619
617
621
635
629
612
608
613
621
640
653
644
632
635
643
646
657
661
641
630
626
626
637
640
636
619
611
615
625
647
651
635
628
636
635
642
650
632
624
626
630
642
646
644
617
609
608
603
614
630
635
629
633
640
658
672
681
646
629
628
618
622
628
638
617
610
610
621
639
663
656
643
615
611
613
611
619
623
614
611
617
624
640
653
654
624
612
609
603
605
616
624
607
604
607
636
670
698
681
646
623
619
614
614
618
608
596
594
593
604
628
640
629
611
607
604
607
625
634
613
609
619
629
654
677
653
622
610
611
605
625
662
666
649
658
683
714
717
685
662
656
652
651
656
642
622
612
611
619
632
644
643
630
624
626
638
645
647
628
618
612
611
621
637
624
615
619
626
646
661
657
631
607
605
603
604
608
605
588
587
588
591
604
621
624
603
598
604
607
619
641
649
622
615
618
620
630
636
630
620
624
628
644
655
646
626
613
615
616
632
643
643
624
618
623
636
661
678
662
634
627
633
628
636
648
624
616
621
618
622
640
631
614
610
611
614
633
643
636
621
617
612
615
613
613
610
604
589
590
595
606
613
625
618
610
604
601
604
611
609
603
603
610
653
696
666
635
614
601
603
617
614
596
569
557
548
545
553
557
564
564
556
552
554
561
573
587
591
584
588
604
616
631
621
609
608
617
629
644
638
618
599
597
591
602
618
629
602
580
569
569
589
624
639
619
599
603
606
618
627
620
600
587
585
587
604
628
634
606
593
593
593
599
611
612
595
602
615
627
647
636
614
599
600
599
601
607
623
594
579
577
580
589
589
576
576
576
561
560
563
583
585
576
594
382
848
591
611
594
313
335
606
1599
2020
1774
1041
1705
647
673
1547
623
1402
1124
2311
2009
678
671
677
670
649
624
646
729
804
819
789
725
672
675
670
672
514
770
604
593
600
594
601
583
588
597
606
631
622
627
668
695
659
646
668
683
692
651
628
617
637
696
787
817
765
710
685
707
760
795
792
730
681
655
661
699
754
776
715
668
665
699
769
814
780
710
656
641
667
722
790
805
745
679
683
701
731
746
718
684
670
697
735
759
768
708
666
671
697
728
743
695
677
711
771
804
724
703
740
783
795
729
681
701
751
806
809
727
679
729
784
848
827
746
778
816
834
771
714
738
784
826
786
725
740
814
854
852
745
769
789
809
742
699
733
770
837
774
723
774
846
866
778
735
777
803
779
712
701
755
837
844
764
722
759
806
819
730
697
744
788
816
757
704
749
789
825
771
718
748
801
837
786
728
767
820
848
789
725
761
804
813
738
694
712
774
841
806
726
760
801
816
748
709
741
801
839
769
717
766
817
830
744
699
736
780
812
752
703
731
781
830
777
734
784
817
789
730
719
761
806
771
707
721
767
789
742
700
724
768
791
735
694
724
759
794
748
701
737
785
821
734
709
778
836
838
740
704
764
802
827
748
702
741
807
872
801
717
697
739
812
872
766
715
749
813
872
759
733
803
859
804
734
782
844
903
800
738
796
855
887
810
742
771
825
870
812
728
718
769
838
875
785
735
800
853
870
811
738
771
823
878
847
744
737
777
839
835
749
755
838
896
840
747
786
825
845
765
761
807
858
808
745
778
805
834
759
710
745
797
853
833
745
739
801
849
846
734
738
813
915
918
825
770
822
830
740
696
713
747
757
688
693
694
686
656
666
707
656
649
694
757
789
730
694
756
798
812
727
714
742