828
844
756
816
882
834
847
800
717
660
628
617
697
879
841
791
794
824
712
654
662
736
862
814
729
771
852
766
666
641
665
682
657
668
736
831
769
668
647
631
617
639
655
737
843
955
863
842
699
658
633
628
732
730
763
927
957
852
836
917
943
843
722
640
662
1125
870
1145
960
871
778
764
805
867
793
720
653
648
839
920
855
897
925
838
1009
770
749
808
970
984
993
906
851
819
974
975
975
870
812
960
899
753
955
874
932
886
945
854
794
811
786
733
764
831
786
722
670
678
645
640
653
669
733
725
709
661
634
630
647
713
963
923
784
710
851
1029
988
878
723
682
685
676
673
980
821
937
1046
1031
939
810
773
815
846
835
804
892
919
901
823
845
880
919
848
840
873
918
834
760
756
857
867
777
750
670
647
632
739
1011
917
931
993
959
795
719
804
951
922
799
852
804
1051
787
882
823
761
771
699
825
1045
1012
917
866
1012
975
918
811
797
936
793
702
667
655
665
1030
963
867
889
843
778
751
716
739
801
753
811
807
720
678
689
724
821
786
681
749
769
818
800
729
680
656
643
630
622
708
777
775
709
728
813
957
953
918
777
859
1119
953
1105
966
1000
1013
890
848
932
988
917
907
876
770
677
663
663
693
694
657
715
785
729
750
822
768
708
654
628
619
610
602
606
624
617
604
605
696
688
646
649
682
665
643
696
825
729
654
633
655
689
673
746
874
909
841
752
789
879
775
691
663
743
701
740
1022
956
810
844
892
780
745
798
788
814
892
879
738
683
681
664
658
634
635
646
643
636
660
727
676
662
726
831
906
766
723
824
968
892
822
890
973
832
859
997
964
845
602
777
808
955
1004
824
753
695
718
990
986
899
816
757
819
868
878
910
823
811
899
880
758
712
666
649
694
895
943
877
882
983
895
783
765
917
972
928
804
759
811
879
868
935
970
936
858
840
890
972
955
814
733
680
657
644
713
697
709
669
781
824
802
759
854
915
845
762
689
672
648
638
621
613
625
978
904
809
786
809
868
852
763
724
799
978
994
919
943
973
901
861
868
806
815
857
882
767
675
660
658
663
652
994
830
888
917
963
882
762
745
770
850
833
780
776
883
1026
905
851
938
931
865
791
687
507
764
739
700
661
642
649
691
646
659
709
714
768
850
867
850
765
707
698
736
758
804
778
726
683
651
632
640
801
845
808
806
862
896
881
802
864
979
942
805
733
740
719
688
664
727
871
1011
1001
953
882
796
747
789
842
796
750
842
1021
1009
896
839
860
749
679
536
750
652
653
655
684
717
660
638
656
654
641
626
621
617
608
620
626
623
611
620
641
735
781
813
760
824
891
825
751
777
897
869
815
750
722
758
849
878
843
822
929
938
884
781
715
732
747
1001
908
840
937
995
949
883
804
771
902
918
770
688
659
674
763
962
944
862
829
1009
983
951
875
800
694
578
702
678
722
691
646
624
618
624
830
712
657
754
827
783
715
738
801
897
881
799
717
681
675
711
746
722
665
656
714
752
763
756
786
796
774
777
729
677
673
718
736
756
705
678
744
772
779
816
754
718
684
721
753
904
890
829
781
782
733
746
732
733
746
812
766
769
837
859
779
809
789
770
714
814
867
836
797
873
905
772
748
783
809
816
775
803
887
793
754
774
807
768
738
750
714
675
761
736
715
737
760
759
718
732
792
825
861
758
760
729
730
709
736
676
652
638
653
667
721
669
634
639
809
963
844
775
799
840
862
776
698
688
701
749
952
958
828
728
671
654
657
672
761
924
888
746
680
667
723
849
972
913
844
793
805
901
946
864
822
817
745
733
781
705
688
664
653
791
843
850
782
817
819
800
779
740
719
803
921
920
904
830
754
742
761
834
863
858
818
772
791
818
896
912
820
813
830
883
938
898
824
754
756
824
849
815
754
750
853
783
705
685
662
650
714
832
745
735
779
822
784
735
793
938
919
804
748
740
810
812
756
808
853
910
853
777
819
962
896
777
750
770
873
869
816
871
903
919
838
877
937
882
896
870
799
717
731
886
839
753
778
855
723
671
679
691
694
650
651
738
710
718
806
882
877
872
780
718
742
801
880
872
828
846
872
835
760
717
750
851
903
859
874
913
895
827
857
917
940
845
845
867
862
800
743
778
859
837
744
714
745
846
872
812
716
681
656
642
695
740
722
844
972
910
816
746
784
870
903
777
763
815
766
814
757
765
750
741
672
682
669
649
641
630
630
620
610
608
610
604
603
592
590
592
588
586
613
720
727
700
680
675
680
724
759
765
709
653
638
625
674
803
746
701
698
729
817
905
785
726
688
666
645
637
687
737
812
723
714
780
814
713
661
694
726
736
669
667
739
858
882
754
668
669
689
756
761
735
743
803
861
810
715
701
668
651
653
661
636
638
625
614
610
633
630
621
636
690
769
832
867
775
705
736
792
807
723
720
893
912
791
788
814
820
732
723
720
716
668
726
752
729
816
883
857
749
684
724
738
760
699
691
745
813
815
698
663
653
633
650
778
810
716
680
760
869
904
848
769
692
691
812
948
910
854
798
771
771
734
652
653
705
733
721
700
785
912
896
785
736
728
724
778
741
717
746
729
705
702
684
725
681
682
657
660
655
646
626
613
621
624
641
682
684
655
680
687
685
677
657
635
622
613
608
611
636
671
734
718
671
633
653
665
651
660
683
784
797
716
698
737
761
763
745
709
719
758
809
770
753
805
889
872
760
683
651
634
664
800
755
729
768
868
939
935
824
723
696
733
857
820
779
778
939
893
863
862
837
795
717
677
671
656
672
750
830
853
753
706
683
657
675
666
635
634
650
697
713
675
654
693
754
830
773
708
731
801
887
800
811
874
880
763
754
827
852
787
805
810
863
822
761
752
854
930
897
899
942
924
790
745
741
809
712
681
655
669
738
812
1022
887
777
798
778
721
667
651
673
716
767
715
688
720
765
807
824
776
712
699
648
635
628
679
793
904
829
918
867
761
715
736
791
742
759
784
809
743
751
800
809
738
746
744
744
725
770
749
736
687
715
740
787
690
669
643
630
654
688
646
648
687
682
706
661
646
629
628
619
604
610
616
641
675
756
719
693
729
769
778
720
711
720
688
658
639
645
727
849
767
788
837
861
792
749
850
920
821
827
738