710
826
1545
795
698
709
713
695
727
1092
1009
883
734
713
1119
1084
1003
819
761
1153
1105
1064
983
782
748
894
1210
1141
1015
786
727
831
1190
1089
854
747
855
1150
1090
1039
1013
819
713
710
1232
1158
1099
1039
1005
839
722
685
714
1311
1167
1120
1012
805
730
758
1183
1109
1003
771
704
687
1258
1134
1073
914
747
743
1186
1106
1020
811
727
703
816
840
819
783
729
675
662
700
1167
1077
1016
951
882
734
701
749
1161
1065
788
709
674
649
632
622
646
1183
999
1015
1106
1100
1068
1050
869
910
1116
1070
1027
859
893
1158
1105
1005
772
729
1211
1036
915
793
1090
1030
893
755
718
834
1107
1021
874
738
791
1104
930
763
740
1146
1084
1047
901
767
798
1089
1035
1010
865
734
735
1199
1089
1040
965
796
765
1135
1072
1050
910
757
769
1190
1122
1059
1006
951
764
729
804
1212
1119
1057
829
749
853
1133
1085
1017
815
843
1133
1098
978
851
1120
1063
962
803
859
1155
1062
896
809
1104
1071
879
749
818
1214
1089
936
1040
1121
1046
852
810
1111
990
785
750
1197
1044
812
836
1148
1085
923
837
1019
1006
841
896
1105
1080
870
834
1054
942
826
765
731
713
698
1223
1077
882
772
995
1046
960
787
877
1156
1089
877
790
1112
1108
968
860
979
1092
919
811
1000
1111
977
828
928
1082
917
810
1133
1080
950
996
1103
1032
1031
1023
842
779
1176
1102
1024
764
696
678
682
716
897
912
831
839
819
803
741
728
729
729
691
740
812
1050
1057
1052
1050
1024
944
721
680
686
721
809
815
749
723
700
674
666
4440
1913
667
719
919
729
751
897
1061
1036
824
702
694
682
899
987
938
738
673
658
686
1154
1089
1036
1008
904
797
713
707
747
862
1016
925
781
707
674
653
636
620
612
616
739
971
955
979
974
976
931
801
709
742
847
979
788
712
704
1158
1103
1052
852
733
664
640
623
624
1173
1105
1036
771
686
667
671
777
1236
1148
977
909
929
728
710
752
1182
1171
1038
751
707
732
1191
1160
962
741
729
886
1193
1000
751
727
812
1170
971
748
732
813
1153
854
740
786
1151
1143
893
736
703
756
1173
1106
999
757
723
1106
1103
1001
754
704
756
1156
1139
867
729
874
1159
1086
772
713
729
1143
1060
901
729
712
893
1118
995
762
719
845
1127
1055
771
709
709
1111
1119
987
808
814
1009
1085
1100
1039
1009
968
893
851
1004
1006
907
732
678
667
782
1096
959
805
706
696
756
993
931
756
688
681
669
708
726
697
663
660
666
670
680
641
624
625
668
1138
1090
1018
749
693
713
792
1033
1002
770
690
718
812
1121
1057
769
725
793
1121
1004
744
702
776
1128
1071
808
746
911
1005
958
737
685
702
717
1084
869
723
747
916
1042
933
725
715
757
937
928
723
720
750
868
991
937
730
705
711
770
1053
970
748
708
725
1059
1027
993
768
708
727
796
941
928
739
692
685
706
1096
998
803
695
677
715
1071
1037
839
709
694
1071
1107
1034
808
722
776
1073
1053
861
721
719
812
994
989
848
707
685
754
1091
1039
912
718
681
684
847
1082
1053
784
700
723
1073
1103
1007
753
728
773
1060
996
754
718
747
994
1012
933
733
690
673
725
1084
987
970
748
688
659
655
767
1206
1127
1007
748
699
704
1062
1043
948
747
694
684
746
1140
1083
929
727
692
715
1087
1057
1006
848
822
815
697
674
687
797
1174
990
733
724
765
1148
1067
969
847
723
657
632
635
660
1148
1036
841
713
738
952
1066
997
915
727
674
645
637
662
1100
1021
744
695
729
1144
1073
968
736
688
675
711
1156
1082
860
710
697
736
1084
1016
811
712
677
645
643
645
635
642
650
717
1113
1053
1000
884
717
688
694
785
1138
1081
1031
979
788
740
771
1092
1086
1070
1014
786
717
710
754
1167
1085
877
728
752
926
1007
956
802
698
697
686
723
812
786
682
665
682
769
1070
1053
800
706
718
791
1090
1012
783
700
723
758
988
969
769
702
678
706
1203
1065
1011
919
718
695
724
1181
1139
939
743
866
996
966
780
710
686
713
1132
1106
1053
924
737
707
745
1052
1022
967
908
717
706
723
1150
1062
853
721
709
805
1119
1052
989
898
850
721
685
672
701
1114
1073
964
744
698
750
1139
1090
906
799
961
990
952
863
803
775
705
677
665
646
633
637
669
807
834
775
776
804
881
951
919
831
785
724
692
684
657
638
631
660
1110
978
917
837
800
740
717
791
787
772
915
1075
1053
1023
991
1060
1093
1073
1045
1019
1036
1015
1043
1021
1059
1042
1029
1073
959
812
780
1227
1143
1067
874
788
833
1032
1013
830
740
739
868
1126
1058
961
840
780
878
1087
1096
981
862
767
729
746
1170
994
1026
875
782
775
1179
1109
1028
879
794
766
1179
1182
1134
1037
837
764
857
1228
1146
1045
841
778
896
1179
1088
1038
846
772
830
1204
1129
964
807
791
1241
1168
1129
979
805
778
1247
1169
1097
935
839
751
727
774
1318
1180
1141
900
829
1128
1077
1023
818
747
768
1211
1135
1053
845
854
1142
1077
968
877
1167
1150
1110
938
881
1101
1054
974
1001
1093
1034
942
1059
1079
1044
854
808
1147
1112
952
874
926
1061
1014
817
836
1140
1069
888
817
1183
1143
1083
991
1060
1193
1120
985
1017
1125
1092
926
895
1184
1135
1094
915
932
1148
1082
894
979
1144
1108
986
1059
1118
1068
969
1062
1099
1035
942
1065
1155
1114
956
1068
1162
1082
879
814
1109
1145
1038
867
888
950
869
833
803
725
708
733
1228
1091
1023
851
868
985
1089
1015
934
818
873
1165
1021
947
934
1104
1071
1104
990
893
1176
1143
1063
900
800
783
1201
1135
947
1083
1145
1181
1160
1097
1097
1069
1098
1127
1009
1163
1154
1120
1027
959
868
855
884
839
804
1252
1182
1062
997
966
876
791
832
1225
1097
910
783
1211
1119
840
760
756
733
709
718
738
745
759
715
744
1138
988
865
838
838
855
888
792
771