751
760
772
792
765
758
768
769
741
729
731
738
729
718
703
694
704
699
691
704
727
755
761
749
759
771
788
765
771
780
784
763
771
776
782
752
751
772
781
788
758
755
766
769
748
735
717
703
700
698
687
688
687
709
725
707
699
686
670
655
644
638
646
683
708
748
739
756
749
729
699
681
678
685
688
688
684
685
694
713
730
720
733
716
717
713
724
742
757
754
747
727
710
689
689
688
684
686
701
716
732
743
717
716
726
746
748
733
741
756
779
761
744
753
758
766
756
773
791
799
772
777
789
799
771
771
787
786
756
766
761
762
749
723
732
735
745
730
722
732
733
725
729
743
760
775
752
753
773
778
771
760
775
779
772
741
741
746
754
743
729
743
753
761
736
734
747
751
735
728
744
765
783
752
758
772
788
759
754
770
778
756
752
760
770
750
744
757
755
746
757
770
747
732
739
747
729
718
729
736
736
734
740
743
723
718
726
737
735
728
738
756
769
739
738
748
756
745
742
753
764
777
755
770
780
765
749
753
763
755
736
749
753
753
735
744
752
754
731
741
749
738
724
730
735
718
713
712
716
700
681
675
668
674
678
670
685
674
674
684
704
735
737
735
756
776
775
760
778
794
783
763
766
773
770
751
742
749
751
738
728
734
750
767
752
757
779
781
751
745
752
763
753
739
757
771
777
747
739
751
767
744
736
751
759
742
730
750
771
751
735
745
758
763
743
744
756
749
735
747
767
777
741
725
730
745
753
735
733
750
762
750
735
746
756
754
734
737
741
739
728
748
769
748
752
717
717
718
708
688
673
669
667
684
697
716
693
741
746
728
705
761
763
734
721
785
774
755
768
779
759
731
769
778
742
738
769
747
729
709
753
768
771
744
754
765
768
742
751
747
764
758
736
705
675
685
725
821
860
884
900
873
827
786
759
735
710
688
710
728
735
739
735
794
817
841
805
764
744
733
726
736
778
848
815
811
790
773
742
728
712
708
713
720
767
759
763
761
741
724
719
718
728
749
763
794
796
773
727
731
735
771
786
830
838
814
803
787
771
765
733
728
737
748
766
755
762
754
749
739
741
737
714
696
688
688
723
758
783
790
789
767
732
714
698
693
715
720
730
733
729
727
714
699
692
688
685
699
722
750
770
773
756
747
728
716
710
712
734
771
798
813
807
801
765
746
730
728
739
766
790
805
809
801
789
760
750
742
744
766
780
808
808
796
797
772
758
743
743
755
778
792
792
779
768
756
729
719
713
720
746
780
800
796
786
769
739
693
683
678
681
711
748
782
810
816
820
813
777
764
760
760
795
846
859
860
849
829
784
768
759
759
782
801
821
827
837
824
782
760
748
755
769
777
770
770
756
744
737
720
713
703
702
721
751
777
791
787
781
749
729
718
724
754
798
832
823
822
809
781
756
740
736
762
803
841
818
821
825
798
783
774
771
780
795
813
834
829
828
796
781
772
778
785
813
825
836
833
837
825
791
782
777
791
813
825
842
841
831
818
787
773
765
759
785
806
812
821
820
804
806
786
775
770
781
817
837
841
852
840
810
802
789
779
784
812
820
833
845
850
851
825
793
781
781
792
800
813
805
787
779
751
750
737
738
761
803
821
822
814
807
762
755
736
736
761
779
802
813
815
810
777
760
752
754
765
809
832
843
840
816
802
773
756
740
741
759
791
813
809
808
810
775
764
747
748
771
790
801
791
783
777
745
739
728
729
744
761
769
778
776
767
741
693
669
676
691
708
733
762
776
817
821
810
785
771
759
762
784
796
807
805
795
774
759
738
739
774
840
851
854
835
791
760
734
728
744
794
835
847
844
835
819
780
757
744
748
775
806
827
844
837
815
774
751
739
750
798
844
847
842
822
796
759
738
717
723
744
771
789
788
781
781
767
747
718
710
711
733
737
738
729
714
697
673
656
658
669
687
731
779
809
829
827
813
791
766
747
744
755
774
791
793
792
779
757
737
713
717
739
800
822
814
809
792
761
700
681
675
683
698
703
729
763
787
796
797
766
749
737
731
748
759
774
771
767
755
731
727
712
719
732
744
746
747
730
709
683
671
673
676
683
699
737
787
816
818
817
801
792
771
769
768
773
801
829
826
817
821
821
801
788
774
771
781
809
817
819
806
792
769
753
729
723
749
812
861
847
809
761
726
684
680
675
688
719
768
796
819
829
813
807
781
760
749
747
755
776
785
778
765
746
712
679
663
647
660
769
1188
1077
995
969
938
862
841
824
814
830
845
852
856
853
843
822
803
806
825
817
820
817
800
768
741
719
712
709
696
696
690
699
691
696
677
701
699
695
696
701
703
705
700
683
664
659
661
665
681
699
710
715
701
687
666
653
669
686
661
645
641
654
692
746
785
818
854
879
888
884
862
846
822
811
798
776
772
761
761
748
729
734
726
705
703
710
734
735
729
722
711
719
723
724
721
725
716
729
742
739
743
729
743
744
741
729
749
750
743
732
732
749
755
757
743
733
740
746
759
745
734
738
738
751
745
726
729
730
733
723
727
743
770
759
750
764
767
761
746
742
754
766
750
731
729
722
701
678
664
673
679
694
695
688
698
709
719
724
716
718
729
733
743
748
751
768
778
767
750
758
759
764
752
752
777
808
811
790
792
800
797
766
758
774
769
735
735
736
734
707
695
680
653
671
665
675
682
678
675
672
661
650
642
629
616
608
604
619
647
677
693
714
751
767
746
732
727
726
711
697
690
688
698
688
688
689
698
700
703
705
701
685
675
659
647
642
642
641
647
669
695
712
706
704
710
718
724
714
701
682
701
771
791
777
791
799
816
829
852
861
855
853
851
836
813
775
767
784
775
776
752
728
722
709
711
722
735
754
740
741
748
744
743
727
714
719
722
712
706
708
702
687
674
668
659
656
654
656
660
657
660
657
652
647
642
631
623
612
604
603
604
604
610
617
624
630
642
655
674
688
698
706
719
718
708
704
709
705
704
695
690
695
696
698
680
657
661
658
665
668
678
694
717
740
735
724
727
729
730
728
727
738
754
762
745
748
753
760
759
747
754
761
764
756
753
767
765
752
742
760
766
767
751
759
762
762
750
751
753
749
742
737
747
752
734
729
737
741
723
727
751
768
747
736
745
764
771
769
777
765
747
738
729
716
710
714
721
735
726
729
749
765
769
758
747
758
759
755
737
751
764
763
754
768
776
777
761
768
763
741
735
739
730
715
698
694
691
699
729
750
745
755
769
755
734
738