818
796
799
832
868
857
798
804
788
773
721
677
690
716
722
690
667
672
732
748
746
743
746
733
739
821
845
827
762
746
780
884
844
790
774
785
859
855
851
784
764
754
720
729
746
740
730
739
726
757
731
704
748
724
686
697
678
671
794
845
817
803
755
728
728
737
845
874
854
800
762
839
866
840
781
758
833
886
855
774
758
793
833
835
770
753
767
866
851
777
749
766
843
843
791
761
766
831
841
774
768
765
829
829
767
741
769
803
756
765
750
753
732
731
760
781
730
729
797
812
822
789
751
777
819
826
783
747
748
811
862
856
808
784
835
817
771
746
795
833
846
766
741
773
815
842
806
783
767
817
805
810
743
730
758
797
855
807
765
817
859
861
848
832
820
809
778
755
785
821
816
766
739
720
736
796
828
820
852
838
758
794
809
772
701
743
794
828
830
856
834
826
762
742
798
821
840
761
772
833
895
915
855
786
836
846
797
761
822
811
797
750
797
843
819
751
802
850
831
749
802
838
788
759
827
833
769
769
812
811
748
760
796
795
739
749
810
840
803
775
812
819
761
766
810
824
754
793
821
757
720
768
734
716
695
722
756
796
808
771
784
848
811
792
848
908
865
871
973
970
856
854
904
841
784
793
775
784
727
801
882
872
810
849
925
879
808
890
970
874
837
866
896
810
825
898
896
788
738
781
807
852
812
796
824
854
844
791
783
813
861
829
780
750
795
848
802
790
806
770
710
708
767
762
703
700
720
721
727
677
687
700
695
655
646
672
671
638
693
710
663
643
681
682
671
677
739
695
745
762
742
691
656
646
642
640
649
734
704
753
770
771
746
701
731
766
750
686
654
668
695
746
766
671
656
668
646
654
624
665
662
666
674
665
666
643
643
606
611
626
635
632
625
613
618
627
644
669
643
661
681
695
707
710
676
721
692
646
630
646
644
660
668
649
630
642
672
684
696
689
697
657
647
643
684
710
776
781
777
794
779
779
737
757
668
659
645
724
888
847
864
874
855
825
776
700
670
657
736
810
818
813
824
812
804
806
756
693
656
656
771
813
847
834
821
835
755
688
667
665
727
731
788
802
798
789
799
729
691
670
667
787
835
873
854
860
845
779
718
689
678
759
835
879
880
869
838
784
709
683
681
805
877
871
864
880
819
762
702
690
800
841
853
838
828
821
766
698
678
701
762
825
827
831
806
753
699
678
667
720
947
858
891
869
842
818
755
729
666
659
680
846
907
888
866
834
747
703
688
727
786
823
846
799
743
774
728
693
707
779
788
774
753
721
724
698
676
654
646
666
790
826
896
846
839
812
779
711
679
659
652
704
734
751
747
746
732
719
686
668
654
645
687
771
798
802
796
768
720
673
656
640
646
715
784
799
790
790
780
749
692
659
652
673
813
805
821
835
812
781
739
682
652
662
720
735
747
734
752
695
669
651
641
644
702
754
760
765
770
770
738
679
650
634
649
765
778
811
812
810
788
740
676
662
692
777
782
792
788
786
750
712
664
657
658
815
767
781
777
764
756
727
699
659
639
647
723
772
769
796
775
760
745
713
673
654
656
690
762
772
787
783
775
750
695
659
655
662
771
793
769
773
772
756
728
683
681
667
709
824
769
784
771
754
734
715
700
661
642
629
710
719
719
743
737
718
717
683
653
637
631
635
716
750
752
795
797
787
763
726
672
646
639
698
802
760
783
784
775
758
736
673
652
654
719
832
788
806
828
816
793
763
728
669
663
679
793
767
774
796
780
754
721
687
656
649
650
675
696
762
715
734
752
757
746
728
666
651
641
657
771
752
739
727
719
725
733
720
692
675
688
867
797
807
809
796
778
765
750
729
677
693
788
742
755
760
745
748
727
684
687
677
746
808
796
807
776
749
729
715
697
674
671
747
758
751
772
752
753
739
735
734
727
721
745
780
777
793
779
762
753
738
716
695
680
656
763
734
776
804
799
796
777
755
728
693
655
710
749
729
734
727
721
723
712
667
657
681
819
751
757
761
763
745
722
690
653
650
671
672
726
716
797
822
839
812
782
792
836
798
769
732
698
675
655
659
651
637
632
670
713
741
741
721
739
747
773
780
788
783
775
786
792
761
729
703
697
709
792
831
825
803
751
720
694
681
688
807
853
888
842
810
794
742
707
697
747
797
797
775
775
724
712
679
670
669
663
711
674
653
646
661
744
802
740
738
723
721
815
941
927
859
851
841
791
738
690
684
745
794
802
789
788
728
712
697
688
761
841
844
809
795
754
729
696
693
734
795
819
821
795
858
847
821
797
762
729
708
689
673
676
658
624
633
653
673
707
741
683
689
676
660
634
623
611
613
613
598
584
578
571
572
565
577
590
578
593
597
590
599
610
645
690
766
843
828
806
804
949
934
884
831
818
888
926
894
854
859
806
754
691
678
684
709
706
729
767
697
683
748
862
860
862
820
847
792
770
799
876
1008
1047
964
951
944
923
899
857
816
804
779
753
742
721
773
878
1004
919
922
903
865
777
740
698
720
733
734
741
817
853
840
813
800
785
762
761
737
750
752
804
869
851
836
820
813
792
776
771
765
771
774
824
857
852
831
818
794
788
781
811
815
821
837
827
858
840
855
830
812
800
800
789
774
783
858
816
825
826
793
788
762
762
776
765
731
717
721
727
845
922
908
904
909
905
899
859
811
770
754
779
894
899
875
881
883
864
831
800
777
810
867
862
868
889
845
863
871
864
844
846
819
844
846
836
846
866
875
872
879
899
881
894
872
842
803
793
769
756
711
702
740
860
896
854
780
731
707
687
683
679
681
708
712
873
1042
946
935
911
922
877
825
797
825
839
868
862
881
845
823
817
813
800
801
818
831
858
845
852
832
821
818
810
832
813
825
817
847
904
891
872
855
813
789
802
775
768
790
793
831
826
810
744
700
684
688
701
685
670
661
662
768
1017
934
954
960
941
880
832
794
743
792
941
980
938
854
810
754
752
721
764
756
764
773
797
812
809
790
775
782
769
781
793
792
809
824
854
857
836
798
794
752
762
798
845
844
835
809
766
770
808
807
840
825
797
826
820
761
730
713
703
716
732
751
826
858
914
970
877
878
809
770
771
779
813
782
843
975
895
857
864
845
860
837
824
811
788
742
729
749
763
814
809
745
764
755
743
848
801
766
701
679
687