1000
872
913
935
948
959
1024
966
928
971
1014
955
947
984
984
927
969
971
974
988
1015
1073
965
965
934
903
871
920
955
948
992
977
941
926
953
944
896
935
946
941
893
949
970
926
889
924
884
768
654
639
1089
1021
943
1023
1005
917
901
908
895
845
916
1019
980
914
986
979
933
952
1015
968
892
917
930
897
869
961
929
888
876
934
973
926
941
952
918
884
935
936
902
955
990
974
949
976
957
935
1004
1019
969
957
991
975
931
965
1021
999
960
981
1004
966
924
908
949
998
961
909
933
938
913
944
939
919
935
918
893
918
938
922
870
896
925
915
928
989
1004
959
1013
1005
948
959
971
931
884
915
967
950
926
989
986
929
968
998
971
958
951
922
896
924
959
924
913
919
866
646
633
803
1181
1004
940
986
1020
1038
970
995
997
974
922
925
976
1005
967
990
1034
988
955
972
1015
979
923
951
998
984
930
965
981
949
946
1028
1050
978
993
1016
1001
936
984
999
962
921
954
983
977
942
961
983
967
911
950
1003
1006
979
1023
1009
955
975
994
951
938
971
976
930
975
1005
1021
945
971
976
961
942
983
1002
981
944
1013
1013
991
1004
977
946
989
992
954
935
976
991
956
938
985
988
955
934
961
993
982
942
980
971
936
904
935
952
936
909
957
975
934
928
958
948
917
953
956
939
961
1021
1040
979
953
940
991
1059
1046
1029
963
950
970
968
923
948
982
951
918
928
832
619
638
625
649
878
1147
1046
1010
1053
1021
907
859
757
953
1204
1113
976
986
986
976
927
976
976
958
936
987
1006
952
964
977
943
904
935
953
931
906
962
979
946
929
968
960
924
958
979
975
940
975
982
928
957
979
1002
954
905
916
916
908
910
916
892
887
947
1005
1020
983
1001
978
947
902
947
966
950
946
989
920
953
950
957
896
815
621
621
771
839
1042
1077
1011
933
926
759
735
1191
1118
989
997
1031
1023
981
965
981
993
982
920
878
675
699
1241
1127
1127
1099
989
923
958
971
778
705
647
659
1104
1047
1076
1070
1049
959
859
693
665
638
896
1245
1154
1127
1009
904
714
609
616
622
638
815
1181
1165
1153
1096
991
949
882
705
643
675
1257
1199
1204
1130
1079
1004
897
838
646
748
1230
1093
1099
1090
1042
946
911
861
705
656
1183
1096
1018
979
983
919
882
704
661
1167
1066
1055
973
930
878
703
637
675
1158
1041
912
877
763
604
599
596
633
1123
1011
970
970
960
960
925
949
947
963
962
966
932
903
896
859
852
1220
1123
1104
1045
984
856
692
647
623
1184
1088
1091
1083
1036
955
907
814
660
620
1135
1078
1086
1003
935
907
859
632
645
686
1159
1094
1104
1084
1007
871
695
646
614
825
1115
1005
918
893
774
629
599
586
586
592
629
789
1031
1004
906
860
662
598
595
596
597
604
845
1118
1067
1080
974
920
913
877
807
657
619
1159
1118
1137
1080
995
983
956
907
863
701
684
1165
1063
1087
979
953
949
904
876
726
658
1138
1063
1073
1038
949
951
933
900
857
677
634
1141
1074
1095
991
965
974
949
948
924
885
852
649
717
1189
1084
979
961
943
928
910
876
830
634
1147
1080
1015
953
953
941
917
857
668
607
619
812
1094
1007
979
962
941
923
902
858
708
634
654
1096
1039
1019
938
908
822
610
609
600
630
1007
905
1029
1054
1039
957
888
782
715
615
646
1136
1104
1098
1034
947
940
929
929
888
931
943
976
971
965
944
892
859
647
640
1195
1094
1100
1072
1015
909
896
863
772
1125
979
976
946
926
922
878
830
648
669
1124
1002
938
941
947
930
884
862
683
681
1147
1087
1021
975
903
703
629
630
613
624
707
1096
989
1057
1088
1061
967
869
782
716
662
604
614
636
1071
987
1008
1011
996
876
729
636
618
605
595
617
786
1036
940
951
932
895
880
827
757
714
633
904
875
1099
1079
1041
961
965
946
920
876
794
650
1130
1052
1023
887
749
629
647
820
1129
1030
996
852
663
723
807
1090
924
877
747
652
866
1036
965
904
907
855
856
842
889
877
908
945
946
964
960
934
930
924
907
894
881
817
642
697
703
1140
1035
955
929
764
728
614
629
615
634
644
668
678
687
630
612
632
676
684
712
788
728
841
919
970
949
857
821
813
982
1020
972
969
983
989
1000
985
981
938
907
877
825
1088
1036
1048
1029
1005
982
980
967
979
979
980
970
955
954
945
943
944
953
970
983
986
981
987
988
989
981
952
975
989
983
968
963
959
950
946
940
937
938
939
944
947
953
948
951
940
842
776
680
1102
937
841
802
707
688
1115
984
981
920
915
921
921
916
919
919
906
912
915
917
929
923
921
918
889
848
874
907
918
896
838
847
902
899
890
822
808
691
871
1080
920
827
663
1106
1024
951
862
858
668
1110
994
911
941
940
940
919
864
888
896
927
897
868
906
935
949
896
885
909
934
929
884
887
905
916
903
845
866
882
897
877
847
926
918
937
899
864
913
911
891
837
878
718
1164
928
668
1135
1008
892
939
953
938
860
894
913
932
860
855
917
921
890
846
897
903
962
872
928
974
955
909
920
954
944
915
877
935
928
930
882
875
899
871
864
850
897
951
950
896
898
941
937
868
853
895
696
1144
1014
1013
1015
955
939
835
697
1137
956
679
1163
991
944
953
997
953
943
969
1004
966
948
970
988
944
942
885
732
1160
989
697
1169
1039
992
1000
1001
957
962
979
1010
962
948
766
738
1178
961
689
917
1166
1057
971
915
940
872
870
928
962
902
894
963
968
916
879
926
893
859
841
772
677
626
623
622
605
619
626
624
618
623
647
637
627
612
603
598
655
748
696
743
721
729
704
701
726