709
701
705
722
729
736
689
687
699
726
685
628
640
660
688
723
727
696
654
665
695
741
442
922
679
696
693
709
680
654
640
633
646
733
1088
917
856
794
757
682
695
723
718
727
735
731
677
693
456
907
715
713
677
727
752
830
851
729
787
787
774
728
657
702
704
715
713
659
694
695
739
756
718
681
721
710
708
673
660
677
691
724
702
668
696
753
737
670
678
683
702
720
668
705
722
756
757
717
716
716
729
712
665
689
717
713
702
672
677
702
738
720
674
698
687
685
702
688
679
697
714
723
702
691
706
713
713
679
646
693
685
691
675
666
680
413
883
695
664
679
689
713
703
694
446
935
715
681
686
713
754
804
723
728
749
752
714
696
754
797
757
724
696
720
754
760
710
691
709
716
710
650
649
678
673
715
718
688
697
714
719
674
651
665
670
679
664
645
648
663
680
688
650
653
662
672
667
638
636
637
648
646
638
668
704
702
683
666
668
652
633
612
606
623
660
693
672
625
666
672
694
679
643
690
695
721
689
651
702
699
719
684
691
718
731
704
653
713
715
767
702
646
646
650
687
709
738
710
693
722
771
752
704
661
704
688
702
689
681
688
692
711
666
679
695
710
693
642
666
667
685
696
670
642
700
703
410
856
655
695
695
723
738
708
723
747
771
740
722
731
411
901
696
647
687
682
708
760
728
736
756
795
786
733
719
708
714
703
706
695
674
632
648
663
686
745
748
756
714
651
699
690
709
736
748
705
655
697
705
736
746
705
658
698
688
714
719
710
648
695
693
709
713
680
641
704
705
714
681
660
688
710
728
704
688
705
709
716
679
654
678
676
674
622
617
618
642
696
751
740
678
653
648
606
631
631
666
705
677
637
635
641
670
665
629
644
630
635
634
627
634
638
623
629
639
636
639
607
598
593
587
584
579
571
563
551
543
544
553
578
574
572
581
590
588
579
568
561
555
548
561
566
563
565
601
955
892
816
794
723
698
655
634
619
616
616
706
857
817
699
719
766
775
708
713
711
692
655
644
654
667
644
629
644
665
722
719
678
406
920
688
708
653
659
687
696
863
764
674
785
742
725
643
683
710
638
679
640
662
726
791
779
668
676
684
701
709
695
417
821
631
699
1120
940
808
704
672
653
640
640
622
614
627
896
950
905
847
774
677
651
634
605
625
1072
965
911
770
715
646
623
612
634
1036
871
839
801
704
404
793
621
638
691
935
798
740
689
649
636
646
701
916
819
768
698
665
646
664
766
859
815
760
726
667
640
622
623
670
841
837
745
751
685
646
625
617
639
1085
988
881
785
724
405
788
637
629
653
705
738
683
701
680
662
654
750
925
811
725
678
654
666
695
787
830
758
705
669
669
741
830
761
728
702
683
650
631
614
611
709
893
884
821
761
677
635
627
644
769
936
807
728
688
650
625
616
643
890
899
854
768
686
665
645
639
646
822
884
827
767
747
695
668
650
646
639
741
851
841
780
740
657
659
648
664
734
831
829
776
711
649
653
646
659
722
803
827
772
698
661
648
643
656
717
780
749
715
655
632
618
632
685
896
791
760
708
658
641
646
680
731
782
743
725
675
650
635
639
682
413
951
750
728
671
643
629
638
694
781
796
727
685
654
640
630
644
672
743
745
704
693
654
640
631
651
707
755
773
746
720
656
651
641
650
670
705
703
705
725
674
654
640
629
650
700
754
746
725
707
646
652
649
667
764
797
774
731
663
656
650
656
695
748
746
709
674
664
654
666
789
826
826
770
697
679
660
676
716
733
749
741
677
673
664
689
735
744
733
703
645
655
667
684
722
749
729
663
658
657
673
721
728
745
728
654
659
661
668
716
707
720
699
656
642
628
642
673
713
425
899
677
646
671
680
711
783
726
689
667
646
641
653
419
895
696
688
646
649
659
658
682
709
707
667
646
631
628
637
675
681
669
657
654
632
616
618
624
646
649
638
629
619
616
626
641
612
607
598
598
688
982
932
862
814
701
681
696
734
810
824
809
724
698
692
726
779
775
781
761
684
681
690
731
754
431
923
734
709
661
650
675
750
841
833
728
734
771
843
785
764
695
676
662
676
692
733
759
752
716
675
677
701
771
802
802
779
747
673
678
675
688
748
768
772
732
694
665
647
635
618
619
1078
945
819
750
723
662
657
630
641
679
832
795
757
745
660
646
637
660
723
771
747
763
754
690
686
649
644
673
733
764
684
676
656
659
672
656
643
624
635
637
642
633
623
614
604
591
582
591
628
707
768
757
722
673
640
632
669
786
792
766
733
668
643
630
647
741
921
857
827
701
683
673
685
709
811
835
784
750
666
666
657
663
738
862
813
787
684
684
678
701
754
794
786
754
688
669
661
666
696
770
804
773
697
679
688
730
824
828
791
702
689
691
705
778
828
797
723
705
690
701
730
790
770
738
682
693
714
752
760
789
782
762
694
680
729
712
723
431
816
642
635
615
613
606
600
597
598
615
603
617
616
663
672
710
709
692
711
669
677
685
683
656
648
639
651
733
775
744
730
729
724
725
724
728
670
667
653
646
623
608
601
595
590
588
612
754
696
674
785
800
806
770
472
911
667
683
653
643
644
634
620
605
608
608
612
609
623
633
679
670
690
703
711
792
799
759
748
734
735
733
740
753
740
730
731
730
730
688
683
690
712
731
761
780
756
698
710
729
680
683
670
676
703
787
817
802
767
742
727
687
727
729
736
745
686
734
738
761
755
696
756
734
740
744
729
717
700
658
664
655
650
643
632
628
633
630
622
620
617
623
955
725
701
777
805
803
813
811
811
787
685
755
792
944
946
907
868
820
800
797
794
819
839
846
827
834
830
791
778
769
729
689
767
776
838
836
760
695
721
759
792
780
743
700
777
843
891
811
727
786
773
800
802
749
751
776
818
814
774
790
825
826
823
772
768
771
789
804
752
756
782
792
711
705
708
746
777
824
748
685
743
733
793
789
733
746
781
826
799
752
780
803
834
793
769
817
911
868
842
820
818
819
898
813
722
806
847
897
780
729
826
828
809
772
765
784
429
1025
757
744
791
954
935
818
780
853
931
852
775
783
795
468
1038
770
788
847
824
771
780
813
865
775
735
848
926
892
785
759
776
804
777
724
812
824
877
822
813
819
834
767
698
710
688
675
701
776
697
798
918
877
800
782
824
855
826
763
794
928
896
809
786
811
841
792
776
854
961
892
820
803
818
797
717
701
700
860
1093
988
845
764
759
812
904
884
779
797
836
876
876
802
796
833
873
859
797
770
787
825
815
771
799
827
830
792
791
806
850
763
751
791
875
823
732
796
808
838
773
724
839
913
805
705
693
678
680
1104
874
778
711
743
728
707
668
689
719
762
452
965
744
776
812
784
764
771
715
746
794