790
794
855
832
832
800
789
814
813
778
800
769
723
697
669
633
710
853
888
881
884
869
847
741
701
632
651
742
1041
999
965
956
932
881
824
765
746
747
771
870
962
957
932
844
770
792
828
853
866
862
816
779
799
813
840
833
773
723
736
801
896
960
892
800
772
803
835
854
854
851
854
795
779
827
859
875
902
914
887
883
854
840
788
724
731
689
669
853
888
927
880
798
772
788
838
891
945
832
759
748
762
776
796
804
815
787
757
758
745
723
680
680
684
676
772
874
866
745
659
628
626
677
849
936
913
931
942
942
930
900
884
914
922
889
792
735
764
976
912
838
829
962
960
929
870
837
827
830
823
809
834
854
825
726
735
744
850
922
950
960
924
933
896
797
713
691
642
682
1020
868
868
927
997
958
924
945
818
740
761
799
817
792
1015
998
944
904
887
870
781
747
716
744
833
846
833
800
796
841
881
848
829
835
840
786
741
717
763
920
941
922
931
927
889
826
779
755
744
816
938
973
945
896
852
795
781
776
742
696
632
676
739
850
918
956
872
823
853
856
816
807
774
741
735
752
803
905
991
975
925
889
842
768
773
811
773
796
816
837
836
821
786
793
812
814
788
804
844
885
871
853
803
778
834
853
807
771
784
853
875
866
891
853
793
758
771
813
883
866
804
769
799
854
866
853
806
768
756
767
813
851
837
791
773
771
816
897
859
774
729
752
768
788
825
826
802
813
884
850
813
758
791
808
788
778
745
720
797
868
849
807
808
781
785
780
778
755
738
719
720
876
982
960
945
907
794
737
664
647
694
696
744
764
739
706
691
671
650
627
601
575
556
549
542
545
530
539
541
541
1353
2150
619
2399
643
659
677
686
669
688
687
665
682
685
446
1528
597
581
585
602
678
737
718
690
652
618
612
621
618
646
631
646
648
681
684
713
710
704
659
632
619
604
590
578
557
540
540
557
612
766
873
855
822
823
807
751
688
654
612
588
600
601
636
673
665
673
687
781
823
807
826
795
755
695
656
616
604
619
865
888
886
864
781
662
633
651
743
752
789
770
683
646
647
711
730
758
742
716
653
634
647
671
688
722
695
651
631
646
682
704
761
729
678
694
715
722
713
682
640
628
650
657
681
684
670
616
586
576
579
603
679
741
762
732
653
646
683
676
671
668
639
603
604
650
819
829
813
787
677
671
726
693
686
673
635
607
596
596
595
623
642
662
621
613
617
632
650
678
670
624
613
613
649
681
721
760
771
695
645
683
682
673
658
628
593
572
568
571
621
1009
885
838
805
765
661
645
636
631
757
713
692
675
630
611
612
628
684
692
709
722
654
641
638
677
669
680
661
629
639
626
621
596
578
574
574
615
657
675
693
671
623
613
610
667
685
693
671
641
616
584
578
584
604
627
650
647
628
597
585
588
607
671
703
732
719
641
637
641
681
667
673
666
622
618
618
634
656
685
690
636
639
672
670
683
670
643
620
628
630
633
652
662
623
626
633
647
675
678
677
634
640
653
649
671
659
631
617
616
638
659
677
688
688
647
637
638
672
668
687
680
672
629
622
625
671
698
702
708
663
647
651
685
714
700
688
661
625
618
616
635
667
676
652
639
608
585
566
563
567
587
631
686
694
724
722
692
649
621
612
635
702
808
829
830
823
783
705
670
651
688
694
715
718
702
651
636
633
666
706
714
733
713
681
642
635
641
647
644
663
649
635
626
654
682
695
706
687
651
654
656
663
653
666
665
639
610
609
609
626
649
662
674
657
647
621
621
621
635
650
663
662
638
612
587
572
574
571
601
670
689
701
714
723
674
646
628
632
666
699
752
755
753
699
663
657
680
725
711
723
707
679
636
629
634
659
671
722
702
634
604
605
603
608
630
659
683
696
702
681
640
617
614
619
637
704
740
744
748
687
664
663
705
732
731
767
758
753
684
655
656
661
706
710
739
731
701
681
666
665
661
693
711
729
757
751
713
674
673
696
688
715
742
719
707
660
660
665
703
790
804
807
793
750
672
637
636
638
646
673
727
726
680
668
658
730
740
730
723
694
649
613
586
583
580
595
634
667
713
709
709
677
680
667
644
617
619
630
683
727
779
807
760
702
751
762
773
763
740
671
686
690
678
702
695
644
642
644
706
706
731
722
682
639
645
641
664
679
702
713
692
651
645
658
683
695
741
787
753
769
895
860
819
777
741
692
631
611
611
643
782
782
796
790
791
760
704
663
638
602
586
583
604
635
729
775
809
776
705
667
672
688
715
720
735
715
697
657
621
604
604
604
639
712
685
621
614
629
641
683
796
830
831
817
782
694
646
643
646
650
691
741
741
665
659
681
706
787
823
853
828
756
678
649
667
649
662
663
674
673
635
621
652
743
655
681
649
626
614
733
868
804
739
660
621
622
644
662
733
748
719
713
681
648
652
672
703
764
732
763
730
739
697
682
653
650
663
674
756
827
860
843
808
743
720
729
748
834
836
834
884
850
815
811
800
780
727
744
792
851
873
863
846
829
792
737
724
736
801
875
905
892
769
707
657
630
665
732
938
958
955
979
949
902
863
862
835
818
807
827
904
985
907
883
854
826
854
849
883
931
926
893
872
845
847
868
889
910
917
827
804
799
828
912
1011
1035
1011
960
922
881
842
789
771
774
842
855
878
907
907
904
957
914
875
851
848
865
907
945
942
922
883
848
828
768
729
735
805
934
935
878
778
741
771
791
916
850
740
729
770
736
746
774
856
892
892
841
844
852
845
859
875
921
900
981
924
965
907
1006
978
949
916
869
852
912
1022
975
940
895
911
927
873
899
984
915
901
848
869
883
960
979
947
949
898
879
853
931
759
840
939
1006
1020
950
857
859
880
997
918
874
850
894
913
1000
941
907
884
706
766
826
929
947
1121
1060
1059
1042
1003
954
890
894
879
889
897
1028
856
738
733
752
843
940
943
955
917
790
730
751
818
853
782
780
877
919
884
956
926
865
837
878
985
932
937
991
963
904
942
984
985
933
874
861
834
829
858
860
976
895
759
760
866
925
854
777
711
720
745
917
1021
1009
883
841
857
888
920
1024
955
898
979
918
976
977
936
892
935
896
923
1021
950
886
897
1010
945
1069
972
982
953
940
984
928
976
939
914
830
917
957
941
891
924
825
834
883
934
974
948
944
849
741
716
780
870
801
837
920
899
860
854
914
908
849
763
752
776
847
871
782
737