655
670
685
695
726
735
732
712
685
668
650
637
631
628
626
620
616
625
621
624
642
666
694
709
728
758
761
728
754
754
759
778
803
804
854
848
804
772
771
783
775
821
838
822
803
854
858
865
837
814
756
709
692
700
682
668
650
645
638
671
692
694
732
755
766
800
828
782
778
751
742
735
770
792
791
782
789
788
772
779
776
753
759
782
795
771
769
788
794
769
775
778
727
702
697
719
726
728
730
740
775
777
772
791
773
777
800
812
854
835
841
846
842
785
784
773
772
771
736
723
697
673
662
665
678
680
673
676
696
704
723
715
734
743
729
716
725
702
729
765
806
759
776
780
764
756
751
747
759
771
794
809
793
793
819
811
770
739
733
738
772
809
748
715
745
769
804
813
800
793
783
777
772
759
751
774
778
811
813
841
835
806
811
804
780
784
760
761
789
804
830
838
798
782
782
773
764
747
748
739
757
761
791
791
814
810
788
771
771
771
768
747
744
743
737
726
721
720
731
699
684
672
664
655
670
683
698
715
743
748
762
763
742
758
744
762
802
833
785
780
767
806
790
769
783
801
813
794
777
760
745
738
731
720
719
728
759
758
793
807
846
833
788
763
769
785
776
779
788
818
810
820
805
773
767
765
765
748
741
776
762
755
776
779
768
755
737
733
745
767
774
761
779
788
796
768
729
715
713
704
698
692
730
755
755
757
769
789
786
779
776
768
773
793
834
866
838
815
834
823
815
794
825
812
800
801
824
798
770
776
786
779
757
764
776
772
739
746
805
747
718
695
688
695
696
697
691
694
695
688
693
697
700
702
720
716
726
725
715
710
706
695
708
706
711
711
712
723
750
772
775
781
769
771
776
771
782
776
772
765
762
741
749
756
763
772
764
782
757
740
751
737
730
743
771
803
778
762
728
704
690
674
671
685
680
707
750
793
830
824
790
801
814
811
799
771
771
759
770
760
759
789
814
776
767
718
719
739
768
777
784
783
788
802
773
738
743
738
751
753
739
748
740
753
787
802
800
818
803
813
796
772
767
779
771
782
769
778
792
787
781
773
763
784
812
828
827
835
851
839
817
819
789
771
759
760
786
810
802
774
757
746
724
714
736
739
740
740
726
749
743
765
764
775
785
793
788
800
779
781
755
765
772
815
823
836
825
828
807
789
769
763
766
766
767
767
765
761
772
780
772
741
747
733
734
733
748
735
764
787
819
802
829
810
771
772
752
746
763
753
761
787
795
824
809
783
762
761
760
782
785
798
784
774
781
766
757
759
771
818
834
864
848
799
785
776
762
768
756
742
755
749
750
746
765
767
788
771
774
753
736
724
713
715
751
763
729
726
726
711
693
695
678
662
635
615
627
683
769
890
905
864
802
743
786
777
764
770
758
774
757
765
748
739
735
721
716
715
716
741
751
762
756
759
766
759
746
728
716
726
773
840
836
863
827
829
861
858
824
800
781
798
822
828
839
850
824
811
826
813
794
771
750
755
752
781
819
802
803
801
802
785
766
747
745
738
742
760
785
795
771
756
736
749
752
757
759
764
781
806
809
801
775
753
738
751
747
750
748
752
765
791
795
796
795
767
773
774
784
790
770
771
790
806
801
802
780
758
765
745
757
776
778
780
796
816
815
775
756
755
757
763
773
790
800
793
780
775
783
773
762
750
752
772
782
776
796
758
755
764
773
787
752
765
800
826
876
811
794
771
776
809
827
804
776
770
776
735
707
700
697
710
741
754
736
740
733
724
719
726
734
729
731
704
706
736
746
764
794
798
811
782
786
783
789
782
763
747
758
760
790
817
823
818
830
814
787
768
751
743
751
733
729
723
718
722
738
785
836
854
847
839
792
804
782
774
758
747
744
763
783
807
764
768
729
713
711
716
735
788
831
852
887
853
800
789
789
782
753
741
748
749
756
777
787
777
769
768
754
745
724
714
724
725
739
735
737
750
765
751
737
743
733
723
728
707
713
721
718
742
742
754
764
760
734
729
733
746
737
757
771
793
800
775
810
813
765
740
729
714
709
698
698
709
721
746
762
762
786
793
785
768
744
727
690
699
729
739
752
793
794
785
766
748
733
744
759
767
767
807
817
862
858
828
813
838
843
812
799
793
803
819
816
793
812
802
808
808
826
823
799
806
810
778
753
746
754
792
846
907
902
870
882
868
853
817
780
770
764
772
792
780
789
784
779
784
781
781
774
756
762
772
785
800
810
814
808
772
779
782
771
767
738
717
705
706
758
781
795
767
783
743
742
777
797
757
734
723
721
699
696
674
658
638
635
628
620
627
626
633
628
656
690
697
741
739
717
695
696
707
685
669
653
630
624
616
612
616
620
637
641
649
667
675
670
683
680
698
705
723
729
781
809
785
806
820
753
744
720
703
693
673
656
650
681
739
737
746
767
817
813
756
745
739
729
717
695
689
688
677
671
672
664
679
716
708
765
805
832
850
790
762
735
698
676
685
708
717
748
841
864
888
843
823
863
877
883
845
825
880
950
958
910
918
970
985
918
876
870
895
955
873
884
905
916
875
832
830
796
744
706
706
689
661
652
648
670
693
706
703
718
774
791
780
752
707
699
696
713
747
776
783
858
965
958
859
817
779
742
729
751
753
734
762
780
869
814
830
860
854
797
755
746
716
710
753
791
792
803
865
867
840
808
820
816
792
807
818
803
781
779
786
812
828
838
817
858
877
854
811
834
858
894
831
845
852
821
832
856
896
849
813
813
788
760
753
740
722
721
720
708
714
730
748
722
700
684
667
646
638
640
655
665
719
787
856
843
826
786
778
765
779
772
790
802
804
788
751
768
796
898
881
896
887
859
804
774
783
793
801
769
803
812
779
771
773
771
742
725
735
754
775
780
777
817
835
794
781
781
798
756
741
747
783
844
850
857
863
885
818
785
775
794
828
786
779
787
778
798
807
775
757
776
789
797
783
765
753
756
744
743
756
792
796
800
776
749
739
747
721
700
675
665
671
671
670
694
733
775
760
778
791
780
776
738
729
721
698
690
686
705
758
837
836
823
836
828
796
750
729
733
729
721
716
706
707
704
718
732
740
757
785
847
844
779
777
779
773
750
736
742
749
750
746
761
777
798
749
726
707
702
726
709
692
694
682
670
674
675
665
680
692
719
718
752
736
742
724
706
702
708
692
674
655
670
665