820
842
856
850
835
834
874
865
845
861
845
809
796
806
774
741
723
706
703
699
726
782
830
889
905
935
962
947
898
920
880
849
825
857
874
886
882
843
778
768
772
789
816
834
829
865
897
919
869
854
832
843
831
873
918
922
938
963
953
928
879
821
755
733
733
770
819
865
895
916
959
963
933
933
917
898
893
889
878
873
845
808
819
816
826
818
832
812
774
741
739
749
767
819
832
851
875
905
928
941
947
923
875
864
862
892
892
921
939
935
896
910
902
843
828
814
795
807
823
847
842
832
806
761
757
750
765
802
853
842
874
891
920
891
896
903
884
885
892
889
854
880
899
908
957
968
920
909
883
869
841
875
918
919
917
945
940
919
879
845
790
746
730
749
781
827
838
853
903
922
908
913
909
894
859
893
913
903
925
926
942
930
937
943
928
898
913
957
937
961
962
963
919
920
858
821
800
760
757
785
804
869
922
963
917
931
906
887
857
871
889
932
919
927
939
938
935
938
941
918
902
909
927
893
882
886
865
830
884
954
953
941
971
949
927
972
980
932
924
918
905
860
911
950
947
972
1010
1005
936
934
920
893
881
861
845
844
857
862
836
805
783
783
783
797
807
808
810
829
849
869
854
869
886
906
901
912
908
898
882
906
880
875
885
883
888
906
916
908
868
901
925
877
909
919
852
849
868
844
834
824
825
807
800
763
736
719
692
661
661
662
659
656
695
707
695
714
713
699
672
657
653
685
779
865
873
859
810
783
842
891
900
864
853
862
843
824
819
817
802
766
809
816
795
839
841
833
802
801
794
768
775
780
747
760
745
720
717
703
756
784
805
775
819
835
851
828
818
863
861
830
848
887
896
846
885
868
813
802
801
780
753
779
808
802
805
900
908
903
846
857
836
779
788
776
763
790
769
776
786
820
902
947
884
811
749
732
727
757
796
850
897
847
806
794
818
853
885
904
859
799
770
763
789
817
854
864
818
786
787
813
841
868
857
835
792
747
736
743
777
835
868
882
850
802
777
797
793
789
765
759
707
689
681
702
741
791
838
834
827
856
889
895
884
832
785
754
771
794
780
774
763
783
818
847
835
797
771
772
797
802
797
778
749
755
780
802
798
770
751
756
765
762
758
749
750
738
745
777
779
785
780
760
707
696
702
713
734
769
783
781
771
803
833
857
860
830
813
814
855
875
912
849
813
839
847
861
813
804
816
823
865
891
897
877
834
809
810
832
845
854
826
780
775
794
801
798
792
771
765
758
733
707
702
697
716
759
822
895
940
911
866
830
808
854
871
899
829
793
813
806
800
786
777
766
786
817
819
821
810
792
786
784
773
758
749
738
734
725
754
782
811
802
793
761
734
747
741
730
726
729
773
782
774
753
751
741
719
717
745
751
777
750
744
750
736
716
708
687
683
673
679
697
686
695
698
679
664
662
673
670
681
678
679
680
669
657
661
664
674
701
735
758
744
713
711
718
762
764
756
736
730
721
735
749
754
764
756
741
717
711
718
731
735
727
698
684
676
668
669
696
726
742
742
766
773
749
726
702
690
669
663
670
682
699
690
678
681
694
739
763
751
755
739
729
725
731
735
746
746
744
737
732
759
771
801
814
813
790
751
724
714
696
679
661
673
704
746
802
833
825
821
792
762
744
751
761
766
765
755
749
753
759
773
761
730
722
718
725
719
716
704
686
687
689
712
718
729
731
722
722
726
736
741
746
752
734
731
739
731
720
706
688
676
666
659
661
707
775
837
821
828
830
839
844
834
807
753
731
738
759
770
798
774
760
764
796
822
817
800
772
753
704
684
683
681
688
706
722
738
764
804
830
817
801
764
752
746
739
743
729
720
691
674
662
657
662
740
789
780
783
773
748
729
741
733
731
725
716
717
771
833
876
877
819
774
752
752
762
779
790
771
755
728
692
684
688
703
741
808
838
861
801
766
753
766
766
763
769
754
747
723
715
739
765
749
752
760
801
854
915
937
893
856
869
902
877
920
908
863
804
810
807
720
751
727
714
706
673
676
705
741
746
758
767
760
726
710
730
728
722
706
684
658
646
641
646
674
713
755
781
787
760
758
733
708
689
679
679
691
720
766
795
822
823
789
777
783
765
749
733
720
693
679
669
666
666
766
973
943
947
910
828
751
723
692
678
662
656
704
741
761
720
714
695
668
637
630
616
601
595
589
600
600
604
602
614
614
616
611
608
614
624
639
653
673
697
724
725
746
731
717
724
716
706
700
694
693
689
701
694
713
736
750
724
751
753
734
732
751
736
730
761
762
760
757
743
731
729
719
708
701
756
719
707
704
714
700
700
689
700
728
744
762
770
777
775
765
759
765
771
780
781
761
762
770
774
767
776
779
789
803
794
804
793
783
793
802
790
795
774
752
740
749
751
753
782
768
792
808
795
809
779
750
735
719
696
691
707
712
719
739
748
742
714
688
693
694
686
695
720
733
769
756
770
742
742
771
771
796
796
773
762
783
776
780
789
774
755
758
771
766
773
777
771
778
789
787
779
781
780
759
752
773
767
781
795
784
777
808
814
826
815
800
815
818
805
796
772
780
787
792
800
795
796
773
757
770
771
765
752
725
699
681
667
663
649
643
664
731
815
799
882
877
854
804
777
751
721
713
718
709
729
730
740
739
736
725
713
718
715
713
705
700
689
670
660
660
664
666
663
669
674
690
726
742
771
790
813
813
779
796
778
771
780
784
785
762
771
770
774
796
808
802
775
800
796
804
810
810
784
811
821
818
807
799
781
772
798
806
816
824
789
771
741
733
755
759
787
853
868
850
846
863
869
857
824
787
798
789
788
771
773
757
749
762
758
755
752
748
771
764
749
744
734
721
729
742
749
749
773
770
755
768
777
781
784
779
760
753
747
744
743
737
730
737
738
756
783
796
787
790
780
759
780
782
793
789
803
798
827
822
812
811
822
791
781
771
743
728
705
701
715
757
797
852
892
898
865
865
841
824
813
787
778
799
813
854
873
860
857
890
886
862
848
817
793
823
850
875
863
848
800
750
708
720
729
750
767
787
771
769
759
739
765
770
788
771
769
777
775
787
773
775
789
781