753
787
811
800
847
822
801
775
725
727
729
737
717
695
730
790
820
826
777
750
740
751
776
845
850
837
796
748
742
755
807
823
820
775
758
774
848
871
852
814
786
773
753
775
804
846
854
858
829
802
758
737
751
765
748
726
775
851
857
813
804
803
854
892
873
851
858
795
757
815
800
824
812
797
828
781
784
790
825
849
839
812
782
764
771
826
852
847
838
804
774
795
810
834
874
903
882
854
828
811
775
747
751
762
779
807
879
908
895
864
847
805
757
749
746
765
846
867
874
854
840
796
755
760
760
809
849
867
840
831
783
777
764
769
822
854
865
837
834
789
768
766
815
866
870
847
841
790
800
790
829
850
854
823
832
821
806
762
740
740
754
836
907
949
892
902
805
775
774
767
801
797
773
793
778
744
749
769
836
857
863
841
817
772
765
771
776
793
862
830
804
785
771
734
741
748
742
745
733
724
770
791
806
803
786
777
771
745
728
747
807
807
769
744
737
770
772
807
779
762
778
837
849
814
772
754
754
783
859
866
872
854
823
823
761
740
745
759
817
870
910
867
842
806
761
753
746
792
832
842
821
833
786
752
735
739
730
766
847
905
917
859
845
821
787
747
740
736
758
807
854
854
841
838
837
860
820
787
762
746
752
782
852
880
853
810
766
762
792
855
873
852
836
798
819
781
748
729
729
719
749
845
886
855
854
806
760
753
747
771
824
869
837
900
832
844
806
749
756
817
862
797
851
925
878
778
810
793
757
705
702
695
673
649
666
660
677
681
681
661
678
678
673
652
647
659
649
649
657
649
631
640
628
616
610
628
638
632
627
642
648
616
634
656
653
635
646
650
647
1301
635
619
1245
600
594
604
620
679
782
720
722
792
837
813
752
806
810
798
805
756
736
774
813
824
811
775
764
780
862
859
861
852
856
847
797
793
781
769
756
695
731
741
751
721
750
771
797
760
738
760
756
715
721
739
740
741
716
761
773
767
745
760
738
703
697
699
722
854
913
886
888
866
848
783
761
760
722
729
747
838
841
860
871
841
845
772
744
716
709
719
763
909
909
903
871
851
836
776
723
702
692
694
723
809
916
939
908
879
870
851
786
744
722
722
733
806
955
962
920
882
866
823
769
723
703
691
693
713
778
939
928
919
877
821
813
777
771
754
705
691
683
681
694
739
906
953
957
907
856
812
792
756
729
699
681
672
665
675
711
886
888
888
836
820
800
771
750
727
695
679
667
665
674
709
762
893
914
922
907
865
844
810
765
748
719
712
697
684
667
662
673
712
782
820
863
902
976
938
909
865
846
803
765
743
725
723
725
718
739
789
865
887
875
847
818
791
756
726
692
662
650
646
646
668
749
879
856
841
826
803
781
759
715
692
684
679
688
728
750
849
893
905
859
851
830
815
769
723
702
683
687
679
652
710
867
929
895
862
845
830
813
805
778
756
725
711
705
696
717
749
848
904
897
879
829
815
788
769
751
727
703
685
685
694
720
758
815
853
860
822
805
783
763
722
693
680
670
666
682
702
831
866
903
869
849
827
826
784
732
709
690
682
681
693
720
793
841
916
896
846
826
787
753
717
693
670
667
681
706
748
803
884
893
861
815
786
763
744
717
703
676
663
658
660
680
717
801
849
873
870
836
815
790
772
732
698
687
685
694
728
813
899
905
910
886
854
841
802
752
710
691
682
678
697
768
860
855
811
798
790
760
731
705
676
654
649
646
643
660
699
774
885
881
844
803
784
761
738
695
671
656
646
646
663
706
811
832
820
789
771
763
734
708
691
663
651
641
636
491
883
696
754
770
771
752
729
720
708
699
679
659
646
643
641
650
681
738
883
912
920
859
818
804
771
730
690
679
667
661
677
728
834
885
884
821
800
771
750
706
674
661
651
649
670
747
852
838
819
797
783
764
735
693
666
653
643
641
668
817
845
843
826
813
798
774
763
712
699
691
688
690
705
747
818
884
869
843
811
787
763
733
697
687
678
672
674
700
733
828
876
859
826
812
779
749
704
688
682
680
686
710
746
808
844
838
810
785
758
728
699
665
646
636
621
609
604
647
746
857
870
906
843
820
808
754
712
686
667
666
686
847
894
892
859
852
829
787
750
712
697
688
694
732
853
874
889
838
819
789
756
716
686
670
660
664
673
742
878
876
868
833
812
790
756
720
693
679
673
680
701
794
872
873
843
844
816
782
741
702
686
675
670
679
688
761
934
892
865
840
798
785
732
701
692
672
651
645
652
638
638
581
593
624
638
644
649
632
649
658
665
674
664
648
630
667
634
621
615
604
600
600
1215
594
593
597
602
613
633
660
741
830
862
797
768
813
849
826
792
758
772
800
793
758
735
775
790
769
745
784
805
801
757
745
804
844
843
775
750
747
738
739
725
699
714
742
765
728
711
729
765
759
729
692
692
712
727
729
711
696
709
748
763
772
746
738
737
747
785
847
829
799
782
778
803
822
830
803
760
760
797
817
824
814
777
781
804
880
911
913
902
864
830
822
794
838
872
851
825
825
791
752
735
730
775
805
817
821
794
760
752
768
806
845
853
831
799
754
722
704
711
755
788
805
791
781
742
742
784
817
802
773
758
759
771
799
802
780
771
763
754
739
719
704
699
709
752
792
793
758
732
769
802
803
756
740
749
769
787
769
757
778
767
740
728
729
769
831
849
860
809
766
763
758
743
796
837
841
813
816
788
759
732
713
717
765
798
812
806
858
834
784
748
770
786
768
744
749
799
828
837
788
764
763
771
804
842
834
814
786
793
758
724
721
726
741
771
839
845
827
815
806
774
737
718
719
716
749
803
848
823
807
796
764
742
747
780
856
861
842
845
814
771
750
751
767
766
772
810
853
880
831
797
759
717
700
698
684
681
684
679
670
689
714
761
724
729
767
796
792
768
774
815
814
775
742
767
824
854
816
791
791
821
826
800
765
758
795
837
845
804
783
797
816
825
801
794
854
868
821
797
803
862
835
784
772
811
820
783
743
740
773
801
807
771
730
720
713
697
690
664
669
676
685
701
691
751
834
814
781
770
808
831
838
802
756
744
731
777
820
800
781
772
762
739
731
713
729
805
828
771
790
827
832
804
825
844
794
787
803
761
725
709
716
705
721
733
707
749
837
837