779
875
1101
975
798
717
767
1114
985
900
942
961
816
836
981
906
927
903
779
752
774
1137
1047
864
865
1067
969
857
764
1068
1052
1026
984
983
1034
1054
1010
929
848
1021
1026
919
849
1069
1038
951
889
1067
1009
959
991
1051
1020
984
965
1043
999
896
948
1052
989
906
1055
1080
988
948
1022
999
953
976
1042
1047
976
1023
1040
993
938
1021
1040
1014
890
832
979
1085
1044
990
992
1010
1006
991
814
778
1080
1030
991
999
1041
1049
1038
979
947
1034
1022
910
819
901
967
945
838
761
795
1146
1120
952
888
1051
1043
933
832
955
1074
993
966
912
972
1023
922
945
957
1019
987
921
960
1029
1023
999
949
960
853
877
821
847
1068
1089
1006
935
962
1053
1023
973
966
997
1047
1054
1091
1118
1092
1009
970
1080
1065
1036
924
923
1112
1129
991
960
1146
1053
916
894
822
771
804
1192
940
832
1097
968
1041
1045
978
866
895
1086
1051
1000
889
874
1104
1033
976
992
1017
1040
1036
971
985
1011
1037
1062
1028
964
933
1094
1056
1030
974
1001
1048
1056
1042
974
1013
1032
1043
1017
967
1035
1054
1057
1015
998
1049
1055
1062
1003
979
1025
1055
1052
965
804
712
706
732
1086
1022
991
848
771
728
760
1055
865
1055
993
863
790
854
1078
1049
1007
934
931
1080
1019
1006
961
1008
1014
979
971
982
949
815
720
695
671
690
703
694
686
688
706
711
706
688
686
705
684
685
671
657
672
680
681
674
668
671
653
646
645
646
663
697
716
737
740
688
687
671
654
626
626
620
621
638
674
688
813
766
744
697
713
740
778
741
776
839
763
793
783
740
757
797
810
770
743
691
689
756
854
789
834
813
757
777
764
830
793
787
710
697
720
864
863
789
785
817
814
744
711
758
1125
1021
845
766
766
1115
1069
1058
994
946
777
727
730
1094
1103
1119
1133
1073
920
769
720
718
956
1059
1069
1092
1092
916
768
715
701
1048
1041
1072
1117
1093
954
806
736
740
1061
1041
1057
1056
952
795
731
716
816
1113
1099
1116
1122
1017
863
760
733
893
1132
1135
1136
1118
971
817
779
1094
1075
1102
1104
1021
852
769
801
1117
1089
1079
1064
882
769
737
804
1140
1127
1131
1066
909
791
753
885
1074
1086
1015
953
906
787
744
741
1045
1039
1020
1030
1019
903
801
755
783
1009
1019
958
887
793
737
704
741
1031
1025
1034
1026
968
845
790
835
1092
1066
1098
1093
1074
933
809
761
916
1104
1075
1117
1087
1010
850
800
833
1120
1100
1107
1097
981
819
765
813
1107
1121
1145
1112
1006
843
791
934
1073
1084
1047
997
882
787
756
837
1138
1132
1107
963
875
783
750
1106
1065
1104
1085
973
837
771
776
1080
1080
1107
1092
964
828
770
784
1101
1079
1113
1094
967
836
799
835
1105
1104
1093
1031
914
810
764
821
1131
1091
1104
1096
972
877
793
763
861
1145
1148
1078
1013
891
805
760
886
1122
1091
1077
1035
915
810
763
784
1123
1100
1136
1097
992
899
804
763
864
1149
1137
1087
1015
916
816
763
768
1125
1116
1125
1110
979
843
777
779
1135
1062
1118
1115
1079
908
810
767
808
1134
1113
1137
1063
961
818
771
769
1140
1089
1106
1108
1029
821
760
751
1059
1001
1036
1045
977
765
735
752
742
737
908
1023
1047
982
898
798
777
752
751
952
1124
1056
1118
1102
979
888
800
771
854
1133
1068
1104
1098
969
832
776
817
1104
1055
1106
1100
983
883
783
781
895
1149
1104
1088
1015
944
816
770
868
1086
1091
1096
1084
1018
864
789
786
1074
1033
1083
1088
1048
978
837
777
757
898
1102
1074
1077
1045
949
814
773
871
1096
1073
997
938
824
773
770
944
1124
1084
1042
877
771
737
718
757
1088
880
745
708
683
688
971
790
781
1041
980
983
986
912
837
742
722
717
1000
914
935
1005
1014
947
936
985
993
1029
948
755
801
947
1069
1070
1083
1002
945
868
896
1111
1081
1081
1046
938
905
941
1115
1046
1062
1004
919
903
770
736
716
714
772
869
757
1092
1035
860
743
748
780
1076
1034
1055
1047
988
861
837
1075
1060
1066
1081
1027
908
966
1024
1089
1036
1022
981
901
787
837
860
789
995
769
712
739
818
734
716
721
714
691
676
661
656
633
624
632
633
646
680
726
719
725
683
704
721
784
715
774
697
787
856
991
906
864
876
960
1007
986
945
894
765
858
1055
1076
1016
991
1022
953
881
749
760
1091
1073
951
902
745
736
762
714
691
699
732
753
728
710
685
678
719
735
719
708
728
909
741
731
752
734
691
683
730
736
1066
1001
1062
1005
967
865
786
759
911
1017
1058
1029
984
914
921
966
1021
1062
977
879
807
784
1007
1111
1021
1021
958
867
762
795
1165
1138
1082
1050
983
923
1051
1065
1025
921
881
1101
1062
1045
949
882
920
1111
1047
1077
986
890
930
1095
1041
978
931
874
1016
1122
1058
1001
948
999
1092
1038
967
887
818
1139
1078
1055
980
865
921
1104
1065
1003
909
1038
1071
1020
931
859
797
1116
1077
1065
1023
949
836
946
1058
1038
993
916
839
810
1094
1014
1041
969
879
845
1019
1034
1002
935
861
838
1049
1060
1023
987
938
843
822
1104
1053
1111
1063
977
855
1035
1148
1114
1106
1053
951
898
919
1142
1108
1100
1047
955
908
982
1118
1099
1071
1051
1035
982
937
1013
1085
1063
1071
1000
959
1080
1076
1078
1032
970
848
1132
1111
1153
1081
906
1023
1124
1119
1094
1067
993
891
1086
1026
970
862
816
1077
1107
1055
1012
1016
1063
1098
1083
1038
1008
1077
1077
1053
1034
1044
990
945
984
1118
1021
994
856
962
1032
1060
1018
973
938
813
1063
1090
1003
966
940
791
1019
966
983
1000
980
824
929
970
1022
1042
1030
950
836
1112
1102
934
793
728
737
1081
974
926
899
902
770
722
931
881
822
874
1081
969
917
864
876
837