875
964
907
970
1074
1026
1021
1046
943
919
983
994
956
1025
1054
1037
1061
1038
1024
997
980
965
980
959
1026
1001
919
943
976
976
942
987
1041
1018
975
1044
1039
1033
1148
1097
1021
1089
1073
1065
1097
1020
1087
1099
1015
1075
1106
1041
1081
1092
1026
1024
1040
1030
976
1062
1075
1009
1130
1123
1018
1095
1064
1007
1104
1091
1023
1131
1099
1015
1072
1074
991
1038
1071
1012
1192
1137
1022
1200
1076
1041
1047
1020
961
1040
1066
1005
1140
1060
1013
1126
1089
1010
1104
1096
986
1055
1081
1031
1139
1151
1021
1084
1071
973
928
796
782
929
1080
1341
1161
1023
1086
1044
1016
1080
1068
984
1038
1068
1058
1014
1038
1104
1024
1106
1104
1044
1158
1173
1046
1091
1063
1066
1021
1105
1030
1092
1132
1008
976
992
911
939
997
1004
971
1019
1058
999
1071
1112
1027
1025
1063
948
957
972
898
937
980
1055
1064
1150
1232
1148
1036
1118
1099
1039
1027
1088
1089
1021
1104
1156
1095
1044
1111
1138
1023
1080
1078
1060
1039
1093
1108
1114
1022
1001
894
946
959
978
989
1221
1159
1060
1136
1123
1032
1063
1104
1128
1064
1210
1142
1058
1181
1134
1122
1091
1143
1148
1060
1110
1107
1053
1117
1108
1087
1032
1170
1147
1015
1145
1121
1029
1036
1079
1099
1022
1109
1103
1048
1062
1065
1000
1028
1112
1087
1031
1127
1051
994
1026
979
931
1018
1032
997
975
1043
1038
965
1077
1048
979
1027
1063
1019
1003
1061
1067
1023
1104
1108
1029
990
1034
1073
1082
999
1007
1006
921
948
885
862
1045
1093
1063
1064
1049
956
978
1008
1017
1010
1078
986
986
1028
969
951
1038
1030
1004
1078
964
950
982
957
902
938
970
973
953
1033
1063
979
1128
1071
988
1024
1055
1102
1010
1150
1146
1042
1126
1046
1039
989
1144
1052
1044
1089
1020
924
994
1159
1106
1045
1072
1021
1037
1079
1106
1021
1020
982
1064
1157
1089
1169
1216
1072
1148
1143
1189
1069
1124
1072
1046
1010
1021
961
1058
993
1010
926
972
1003
928
912
986
1118
1191
1292
1234
1213
1148
1011
958
968
1095
1276
1399
1253
1260
1171
996
932
863
899
1441
1294
1193
1129
1097
1004
940
938
991
1089
1113
1117
1125
1040
955
928
937
1019
1097
1198
1194
1147
1129
1033
979
945
978
1101
1124
1058
952
938
940
935
908
958
1068
1051
1070
1059
1037
1015
1001
1009
1089
1119
1161
1098
1055
1032
994
1003
1058
1110
1095
1083
1046
1065
1017
970
943
929
1032
1540
1328
1268
1219
1158
1147
1028
945
939
1021
1253
1207
1199
1155
1065
961
892
890
1156
1223
1177
1163
1130
1054
980
962
1024
1086
1092
1095
1069
1000
976
981
1113
1130
1119
1132
1120
1033
963
945
993
1194
1167
1280
1177
1079
1021
1022
1100
1192
1256
1154
1109
1076
995
966
948
1011
1155
1148
1149
1111
1104
1042
994
987
1038
1086
1174
1108
1081
1060
991
980
938
977
1063
1128
1117
1132
1063
1007
974
954
993
1110
1098
1108
1097
1045
1017
968
944
992
1119
1171
1163
1103
1057
1010
938
779
768
784
862
900
1049
1210
1126
1071
1062
1046
1040
997
989
957
993
1038
1062
1067
1091
1018
993
955
931
946
1062
1113
1136
1188
1180
1045
996
963
955
1053
1185
1183
1167
1147
1115
1121
1104
1090
1087
1242
1173
1136
1069
1009
971
999
1134
1157
1146
1148
1084
1030
997
993
1012
1134
1193
1191
1181
1142
1037
986
1065
1122
1114
1189
1057
1021
1005
1060
1146
1081
1011
950
895
839
849
873
1224
1063
1144
1110
1084
1021
963
931
970
1060
1109
1155
1199
1100
1065
993
1150
1192
1193
1202
1171
1171
1098
1034
971
983
1010
1095
1250
1158
1054
1035
1006
982
977
967
1004
1001
1016
1042
1027
995
945
949
949
944
1010
1069
1106
1106
1099
1097
1072
1035
1024
1062
1158
1128
1079
1051
990
946
947
985
1150
1213
1121
1062
982
972
983
1021
1076
1227
1183
1160
1209
1153
1116
1088
1120
1091
1090
1072
1033
1069
1070
1072
1090
1060
1023
941
900
806
743
714
698
707
1398
1144
1137
1156
1152
1142
1130
1062
1002
1091
1115
1115
1127
1082
1038
1040
1093
1092
1113
1129
1135
1109
1119
1119
1107
1118
1133
1153
1072
1077
1104
1121
1142
1073
1094
1139
1124
1092
1046
985
966
946
928
896
936
887
825
771
766
770
785
813
787
763
822
972
1029
1000
905
1011
1082
1016
1059
1074
1087
1064
1080
1053
1090
1107
1103
1107
1102
1114
1134
1099
1061
1038
1007
1052
991
946
996
1099
1074
1051
1017
989
997
1032
984
943
952
1016
1091
1064
997
909
867
792
860
924
898
938
1063
957
852
838
873
920
1285
1067
1053
1000
979
1021
1063
1136
1144
1144
1119
1127
1105
1095
1074
1085
1083
1053
1035
1055
1050
1040
1049
1103
1042
971
1028
1099
970
930
947
899
914
1247
1115
1124
1008
1035
1060
1064
1056
1087
1115
1178
1174
1147
1226
1204
1132
1091
1113
1127
1118
1095
1137
1134
1177
1081
1097
1186
1196
1104
1102
1156
1237
1098
1090
1130
1183
1087
1166
1173
1131
1085
1185
1169
1142
1055
1198
1157
1091
1102
1165
1200
1110
1098
1147
1146
1078
1127
1187
1152
1078
1143
1197
1178
1108
1194
1184
1170
1116
1243
1228
1150
1129
1230
1145
1063
1116
1167
1173
1072
1244
1239
1159
1091
1153
1193
1085
1099
1188
1182
1103
1141
1165
1252
1099
1211
1190
1138
1086
1282
1330
1207
1122
1240
1213
1083
1093
1185
1160
1067
1099
1151
969
995
974
963
980
1017
963
906
907
812
758
770
799
855
1228