954
1030
995
1028
998
1026
1005
927
882
903
870
886
929
941
927
845
776
747
784
955
955
929
867
841
836
900
896
958
916
921
902
871
904
928
862
897
911
865
894
915
870
927
869
873
900
966
983
1019
959
847
881
946
966
864
892
972
986
838
838
889
888
965
990
979
917
984
988
996
967
971
984
954
852
816
798
793
801
835
925
928
1000
1014
961
979
942
960
958
870
885
903
903
994
987
887
923
974
966
866
867
808
747
822
1001
1030
1060
1071
964
994
1005
1021
1027
1017
1019
1032
901
798
775
749
734
728
729
896
1205
1105
977
864
902
1023
1054
1047
1036
985
918
901
862
812
832
859
1017
986
1075
1114
1065
1065
1057
1035
1002
937
960
911
892
931
896
996
1106
1087
1077
1026
979
907
944
854
789
744
715
680
686
1251
1122
1085
1087
1099
972
940
986
993
966
923
973
1005
1006
1000
977
1015
1004
912
898
847
823
953
1023
1041
1036
941
980
989
986
915
965
997
979
978
887
936
1027
1003
1016
994
974
954
939
977
1055
1021
1054
1002
1035
1043
944
988
962
980
1008
979
1013
997
1039
1048
1009
983
975
900
951
961
1005
977
895
943
965
972
929
957
994
918
967
1041
1033
997
981
999
968
1004
1031
979
1058
1030
998
1034
1007
914
916
909
807
775
754
713
700
699
808
1194
1115
1083
892
857
986
1061
1056
1052
964
937
931
997
1007
1063
978
1027
1016
899
880
888
876
885
920
915
901
849
911
885
917
920
902
864
817
814
860
928
958
987
1003
945
947
905
902
942
989
1013
1007
1012
972
981
959
859
809
864
995
1085
1081
1065
973
869
800
742
684
677
742
1217
1060
1077
982
980
907
811
794
796
792
798
815
946
989
1006
908
936
968
963
976
894
912
832
808
832
876
1001
1000
996
968
957
896
864
840
903
953
935
957
965
960
922
874
928
902
915
937
847
817
778
779
813
855
943
848
816
878
1002
1017
1007
1001
976
935
868
917
1027
1051
1038
1024
1021
976
896
873
902
890
939
919
786
763
722
682
673
675
1150
1075
1055
1002
1025
984
944
862
856
802
785
831
988
1033
931
904
927
952
860
864
930
977
976
945
872
863
867
916
948
947
962
985
1004
961
916
924
939
942
968
978
955
902
871
789
745
715
677
671
681
812
1199
1130
1059
1059
988
915
871
837
839
784
759
796
1188
1067
1017
1024
928
972
972
939
1021
999
1003
995
972
974
904
943
997
950
883
830
804
821
838
840
833
850
838
821
862
893
840
808
795
763
742
738
695
673
662
666
726
946
989
969
908
850
787
749
701
651
647
680
752
857
937
897
882
880
822
797
767
810
1025
961
900
893
890
804
780
819
923
974
919
923
886
917
929
877
896
843
838
868
895
912
900
889
900
893
864
831
811
823
899
938
946
861
881
859
917
940
952
902
847
818
875
909
996
934
827
768
714
663
659
721
1153
992
899
837
802
788
771
759
713
681
668
648
653
657
644
629
622
626
630
666
734
908
836
744
714
684
663
639
631
628
661
929
938
964
938
928
921
896
829
751
673
679
969
1017
1007
945
913
928
938
928
929
957
947
923
953
963
910
946
955
910
924
931
924
934
970
938
938
973
951
941
963
933
893
915
905
868
871
918
976
941
959
957
930
930
946
918
915
931
900
914
946
930
918
951
940
897
910
861
804
703
688
851
877
969
1020
925
960
1028
1000
990
1027
952
981
993
938
991
1007
1004
1027
1003
967
1048
1029
987
1012
952
979
996
983
996
994
1005
984
939
940
955
921
928
972
947
869
835
734
948
1115
987
1008
994
995
1002
961
891
902
934
930
968
991
998
1003
956
968
961
951
948
975
968
938
935
929
903
949
954
959
976
996
983
981
990
986
979
936
940
918
884
892
892
879
914
941
896
924
930
892
892
874
842
875
909
872
913
884
899
950
960
981
1006
984
997
1004
988
976
986
960
942
938
958
1006
971
990
1012
966
961
956
939
979
968
942
965
966
944
965
963
914
934
825
727
674
658
1029
1003
1029
1063
996
1070
1001
955
999
993
995
1022
1003
944
1021
1002
962
1040
987
944
1025
1032
979
1000
987
996
1024
995
962
982
1022
961
974
1008
947
962
982
935
1009
1018
983
970
940
892
933
964
955
1034
1078
1022
1022
992
954
1036
996
967
1074
1020