1033
1006
942
993
1110
1063
1134
1078
1085
1063
1064
1070
1068
996
1072
1187
1168
1131
1161
1137
1217
1179
1214
1169
1162
1167
1140
1183
1157
1220
1153
1197
1149
1134
1175
1123
1160
1111
1169
1100
1170
1158
1114
1138
1088
1177
1123
1187
1100
1150
1107
1125
1189
1156
1169
1149
1146
1115
1102
1140
1082
1127
1080
1163
1137
1172
1085
1029
1006
1050
1123
1140
1179
1085
1142
1144
1169
1131
1103
1175
1134
1189
1160
1201
1154
1142
1193
1138
1167
1136
1183
1155
1163
1184
1128
1146
1129
1143
1189
1140
1172
1109
1188
1136
1141
1179
1109
1151
1083
1158
1129
1155
1168
1119
1152
1121
1132
1112
1071
1106
1055
1126
1122
1103
1124
1117
1178
1094
1128
1114
1135
1198
1114
1141
1148
1166
1175
1157
1165
1100
1157
1130
1123
1146
1091
1153
1126
1130
1141
1121
1168
1102
1159
1142
1155
1138
1108
1147
1079
1124
1153
1145
1144
1004
1061
1144
1090
1150
1117
1168
1106
1137
1123
1102
1145
1102
1132
1144
1135
1137
1111
1152
1110
1141
1151
1122
1208
1130
1154
1124
1133
1188
1138
1176
1119
1116
1155
1102
1183
1153
1162
1149
1146
1164
1128
1106
1110
1084
1146
1094
1141
1177
1115
1148
1077
1104
1026
1021
1117
1097
1175
1113
1148
1131
1051
1005
956
1070
1032
1080
927
872
907
1103
1004
906
853
790
792
821
818
779
729
738
719
696
700
688
693
685
670
687
680
672
671
662
648
642
649
679
689
758
851
880
872
828
811
789
762
758
895
1032
1050
1006
1054
966
990
890
845
987
1001
1058
1069
1081
1031
979
938
912
848
785
728
695
674
663
715
1144
1076
1048
1033
1005
1035
1029
1038
1053
1035
942
1063
1142
1051
1059
1051
971
1003
958
1039
1086
977
1018
1103
1109
986
982
1016
1020
1000
1004
976
919
891
1008
1178
1166
1124
1037
936
896
952
1135
1183
1159
1071
1020
1070
1200
1175
1153
1061
1050
1105
1182
1172
1133
1072
1023
1122
1166
1188
1083
1065
1146
1146
1117
1060
1007
1027
1161
1183
1154
1036
989
1021
1102
1157
1178
1144
1035
934
889
881
1169
1232
1147
1058
1163
1138
1036
916
875
877
1166
1128
1021
945
928
908
928
998
955
896
846
823
866
1056
1103
1043
962
919
981
1133
1143
1062
993
946
996
1139
1158
1072
973
925
944
1124
1185
1160
1076
963
904
880
976
1173
1184
1102
1006
984
1043
1092
1066
990
917
883
940
1120
1144
1123
1020
955
962
1013
1073
1078
1005
961
1004
1098
1109
1045
964
942
1014
1162
1135
1087
977
932
961
1081
1131
1070
987
999
1109
1160
1083
989
1011
1056
1172
1151
1049
959
930
981
1132
1132
1085
1001
953
956
1061
1149
1146
1075
993
971
988
1051
1072
997
954
969
1046
1101
1104
1011
956
995
1052
1075
1034
954
945
1001
1062
1070
1006
947
938
957
1010
1064
1031
1011
1065
1082
1074
1003
971
977
1063
1085
1027
988
998
1079
1093
1006
944
959
1023
1089
1037
973
967
1004
1013
1007
938
892
917
1017
1002
1066
998
991
1082
1149
1111
1051
989
1029
1067
1093
1021
941
923
986
1074
1108
1035
979
894
851
848
1023
1184
1125
988
912
890
907
1021
1054
938
898
896
971
1067
1024
952
924
958
1042
1077
968
926
920
956
1022
1035
957
957
1022
1058
1054
1034
949
949
962
1014
1002
936
906
928
1024
1053
1060
972
913
932
1015
1066
1019
954
944
995
1040
1078
1053
1003
934
882
870
931
1207
1163
1068
1021
1017
1049
1043
1036
1021
992
939
917
884
896
929
888
913
1025
1175
1136
1102
1000
897
849
784
769
773
949
1166
1118
968
926
930
1021
1054
1015
949
889
882
920
994
999
945
907
929
1025
1078
1074
1008
961
942
979
1041
1071
1067
992
977
1021
1072
1071
997
930
942
1013
1101
1103
1055
979
983
1021
1044
1040
980
978
1009
1024
1042
1017
958
978
991
1001
955
938
953
1026
1087
1059
1018
1005
1022
1055
1097
1071
993
942
906
953
1019
1059
1063
1023
939
942
929
898
850
835
783
745
721
700
708
752
819
815
837
810
805
788
789
771
738
785
766
771
768
766
756
745
738
723
726
734
754
766
800
818
816
821
838
809
833
831
813
799
829
858
908
892
927
854
879
877
847
816
777
740
713
695
693
692
685
677
690
728
1239
1065
1098
1088
1044
1068
1015
1035
989
910
923
946
1002
971
947
916
937
954
955
949
936
911
876
878
866
884
903
867
865
854
848
848
828
840
858
836
862
871
832
835
894
909
889
954
954
869
871
850
835
895
1021
1009
1008
1013
986
986
971
990
993
1016
1000
987
921
878
860
910
921
942
937
919
964
996
972
979
950
891
890
897
905
1008
1106
1104
1113
1045
1009
1021
983
979
1024
1036
1079
1074
1049
1093
1063
980
989
998
970
1050
1004
938
925
912
929
1018
986
975
1018
990
982
985
955
1002
1045
1016
1054
1068
1061
1083
1049
1002
1051
1056
1011
1033
1065
1005
1031
1056
1013
1038
1041
985
1017
1033
1017
1065
1049
1035
1060
1008
1021
1042
998
1051
1051
1036
1046
1022
1021
1040
973
1015
1014
1012
1045
1019
1049
1042
991
1021
986
913
981
1057
1076
1123
1058
1071
1084
995
1025
1040
1074
1099
1070
1070
1105
1064
1070
1071
1037
1082
1108
1053
1078
1078
1065
1111
1055
1052
1073
1067
1106
1101
1025
1045
1019
1006
1052
1004
1041
1051
1054
1084
1045
1090
1068
1056
1098
1064
1102
1128
1073
1124
1097
1077
1127
1087
1100
1170
1103
1120
1088
1106
1131
1010
972
1007
911
977
1092
1085
1086
1049
1078
1003
1005
987
909
924
935
921
982
1023
1093
1120
1075
1110
1056
1019
1018