866
889
912
950
979
967
944
963
959
919
891
884
886
857
864
893
886
866
890
926
936
955
951
938
945
967
970
971
920
942
975
987
976
949
965
996
979
945
956
982
976
958
961
979
987
967
975
998
992
943
930
914
891
863
906
913
869
892
908
937
947
917
937
919
901
907
890
888
889
917
950
960
924
940
958
971
976
976
959
965
951
954
962
979
997
1006
981
1002
981
984
908
898
869
878
897
948
994
1003
970
971
983
965
930
908
919
929
935
900
928
948
961
937
974
987
992
956
956
969
970
910
905
931
972
1003
964
986
1018
1005
993
917
944
951
974
967
935
966
997
986
932
948
955
952
924
930
956
967
928
899
936
942
861
885
898
923
921
897
865
892
909
914
896
906
925
944
932
886
900
918
933
892
926
941
947
919
919
932
932
896
922
932
927
903
925
918
873
880
858
846
862
892
922
948
943
923
935
938
938
926
952
970
975
954
973
980
959
979
980
980
961
978
989
994
947
978
997
1003
949
969
971
969
918
949
966
965
934
978
987
974
952
964
964
934
934
959
966
934
970
985
988
945
989
996
979
990
979
983
941
979
993
1005
970
995
1014
1000
993
1017
998
949
965
973
957
942
962
972
944
980
985
993
933
942
943
904
844
863
895
924
955
972
920
970
956
923
891
881
874
886
852
882
878
892
904
864
881
900
887
854
817
833
822
868
880
850
895
908
909
857
892
909
891
853
888
898
916
870
872
920
945
926
893
934
943
945
872
860
900
918
928
891
851
877
893
904
899
853
838
881
885
868
844
831
752
773
819
872
919
874
827
805
778
813
863
879
840
777
754
751
771
869
928
916
938
949
940
883
851
840
864
860
886
923
941
910
880
858
890
906
921
921
919
885
847
821
795
864
940
928
932
893
843
860
877
905
895
892
855
838
849
872
880
882
843
813
842
855
876
895
891
850
813
813
805
847
867
891
883
824
801
812
776
848
897
888
853
815
730
726
759
849
899
879
837
806
827
833
857
861
858
809
790
813
822
850
866
861
813
780
810
800
845
849
855
784
773
753
746
795
859
864
890
827
792
833
830
837
841
823
748
707
704
728
810
884
867
841
795
782
802
811
846
874
880
853
810
845
848
867
871
807
771
715
682
660
645
631
621
634
684
671
679
754
884
851
890
843
794
790
772
782
823
861
831
796
746
773
817
913
886
845
819
819
840
838
840
829
790
745
759
788
853
886
837
800
813
796
869
860
856
812
794
793
785
880
862
815
792
819
826
827
802
716
684
658
641
629
615
610
633
767
842
743
711
702
746
844
877
891
889
842
781
758
721
743
838
902
899
842
825
857
882
902
936
907
841
821
848
856
873
872
892
826
815
827
837
863
881
888
828
802
835
851
875
899
865
825
813
794
803
868
865
875
854
815
818
844
864
868
867
813
797
766
719
691
670
657
645
633
628
640
646
646
663
737
859
840
874
816
791
836
831
839
845
854
810
787
800
820
848
853
854
808
790
731
739
761
789
812
819
779
748
755
775
824
866
854
827
815
829
847
862
861
847
803
786
761
733
722
707
686
672
653
645
634
633
659
725
795
796
750
759
814
827
865
902
852
806
827
810
823
818
793
762
743
768
820
868
825
814
841
827
830
835
815
804
831
830
850
857
826
815
848
839
838
826
798
787
814
816
844
857
832
794
785
808
782
708
678
661
642
631
626
657
824
796
837
806
765
795
804
815
813
772
774
768
774
832
811
790
797
828
821
815
784
712
704
712
746
813
777
743
729
739
754
759
811
747
737
737
752
778
790
761
729
727
734
744
721
681
667
655
649
634
623
629
665
676
706
800
806
849
878
842
797
793
821
828
838
803
776
765
715
703
709
713
681
677
666
669
703
756
743
732
733
737
760
797
775
753
749
765
788
810
775
767
743
764
816
825
819
793
789
809
809
807
787
780
758
745
778
824
809
779
774
772
780
785
768
716
694
671
660
646
634
627
619
604
601
615
634
633
633
650
692
742
763
718
707
703
729
790
826
819
783
780
810
814
809
790
768
737
722
721
730
737
731
741
746
735
754
791
787
789
775
727
705
674
672
664
654
646
636
628
615
611
610
615
621
634
666
709
755
757
768
789
758
757
748
737
710
691
686
660
661
673
721
787
773
729
764
767
762
756
721
706
689
672
657
646
634
625
612
609
597
592
599
602
614
616
610
606
600
636
641
643
666
674
694
699
729
781
774
743
759
767
778
792
797
795
774
764
761
753
767
773
794
806
830
844
853
861
849
850
856
854
813
797
830
826
864
881
881
860
861
860
862
857
853
826
811
808
798
794
760
792
788
819
831
791
777
769
785
754
698
668
653
643
658
683
732
798
817
784
755
795
804
822
848
821
795
818
847
867
924
893
850
881
882
889
859
841
867
862
861
870
837
813
850
873
890
850
849
882
888
921
863
850
870
891
885
842
851
870
872
868
835
844
871
869
866
830
854
869
879
837
813
838
839
847
820
828
866
860
840
815
844
837
837
793
792
801
787
777
730
700
677
659
650
640
632
628
660
670
706
696
688
755
855
790
773
788
804
838
847
826
801
834
859
910
893
876
805
808
817
821
845
889
895
853
889
888
898
886
844
868
875
875
878
840
858
852
854
854
856
863
869
810
789
809
814
804
777
748
736
702
702
690
665
658
651
639
636
638
646
652
666
698
828
808
844
801
797
836
856
912
918
941
946
945
931
860
890
908
930
942
941
937
896
875
891
901
928
874
895
897
921
936
950
887
908
902
897
907
858
873
877
903
881
875
902
925
884
870
902
896
888
860
884
865
844
833
860
840
847
865
881
879
877
904
924
917
933
886
883
875
877
893
897
859
885
891
847
810
813
821
825
831
821
801
789
802
755
698
682
667
647
641
644
648
657
669
696
730
745
712
699
714
819
810
802
844
865
894
897