745
894
971
928
943
875
743
699
684
687
837
1180
1157
1063
955
796
783
878
1056
998
831
714
691
691
794
1128
930
1048
1031
946
792
732
734
817
1104
1014
1021
955
854
738
710
736
1177
1095
1062
856
788
811
1055
1118
1008
812
749
751
854
1161
1127
1075
1028
928
769
761
816
1011
843
723
686
699
784
1119
1095
1021
856
743
721
749
1152
1119
1044
845
719
718
810
1175
1104
1036
913
764
729
837
1134
1094
1037
882
785
779
895
1051
935
800
807
1046
1060
986
787
746
742
709
677
670
659
655
670
724
1064
1069
977
805
752
797
926
864
760
755
955
1089
916
795
868
991
877
746
740
801
1055
915
751
705
707
778
1114
1077
959
799
760
840
1084
994
826
812
992
1021
822
783
851
967
846
772
895
1043
953
784
843
921
960
783
773
857
989
836
747
792
1030
1000
839
752
804
1072
1039
908
776
777
899
975
829
784
901
1021
891
763
796
861
876
771
740
800
784
740
684
664
694
860
1027
837
744
769
823
846
740
697
683
684
1176
1126
1023
1015
1032
959
775
709
705
755
1141
1079
1046
854
730
708
741
1121
1050
1016
937
756
709
694
723
1188
1151
1077
1039
890
747
707
681
692
1108
1083
1018
926
853
730
677
662
656
666
764
1030
1017
965
958
901
755
716
715
726
791
1022
1019
963
869
731
693
686
690
1042
1026
818
731
742
863
1043
1026
908
756
714
702
757
1080
1022
997
834
719
722
735
805
1097
1054
840
787
777
783
832
850
753
688
709
689
711