819
1119
1047
981
855
801
764
836
851
796
703
684
762
866
1005
923
766
689
667
655
688
664
768
1079
1017
996
808
773
803
860
871
903
771
765
875
775
720
765
869
1069
1034
971
788
744
772
1013
1037
881
768
767
820
1136
929
826
921
931
813
731
721
769
1132
1087
932
842
889
1028
929
812
774
827
974
1002
990
841
753
738
785
1045
1034
1038
778
753
809
1070
807
944
1089
1071
835
788
924
1110
1050
927
767
747
784
1067
1016
1033
914
804
866
1003
1003
889
809
791
808
720
759
811
894
892
900
903
830
878
835
716
714
731
865
1075
868
894
950
771
811
874
1027
950
907
1027
1034
942
803
760
775
928
1054
1058
979
931
779
727
714
716
808
746
778
801
918
1093
811
768
795
738
727
803
811
755
783
914
1082
992
980
940
867
735
695
740
1038
1010
936
981
902
766
727
773
825
729
799
923
905
864
927
946
927
780
776
860
1140
951
892
957
1068
1070
1061
814
745
751
801
773
1105
1093
840
868
984
1024
1014
989
860
857
788
739
735
850
1109
818
780
842
1107
1117
954
822
806
848
850
809
937
1053
932
850
939
988
825
767
814
799
775
779
836
1167
1098
930
876
889
888
782
773
857
1100
902
849
956
946
824
757
815
1119
822
733
756
1160
1141
864
765
767
795
1035
1052
1021
812
757
746
752
747
730
823
1066
1018
791
769
779
837
836
987
1005
869
746
730
721
1230
1078
874
754
716
697
705
726
783
879
918
784
748
739
735
710
710
744
813
791
737
833
873
1044
1006
834
816
812
946
1143
1049
999
963
923
877
771
725
720
742
1230
1163
966
859
729
729
710
748
1104
993
822
783
802
999
1002
771
729
712
685
692
811
865
748
764
1007
1050
991
788
733
733
824
926
789
770
943
895
970
927
795
760
762
718
703
701
731
1156
1058
873
835
894
1007
875
756
751
719
678
717
1252
1169
1098
1038
784
749
751
777
1085
1136
1043
919
923
1048
938
841
1033
1117
1009
892
893
862
734
751
818
1140
1148
938
857
924
900
817
820
841
1051
993
829
808
957
1031
893
807
875
1132
1141
824
728
813
1107
1087
1028
982
916
857
776
755
713
700
720
799
1181
1138
1023
876
763
743
745
833
944
977
976
800
762
762
793
797
760
734
729
696
699
698
704
703
695
759
901
802
809
983
1041
1024
978
856
916
974
1028
990
773
758
742
1199
1126
904
855
864
1034
1060
982
842
772
831
973
1062
1055
873
798
793
844
1020
854
808
876
1044
1051
942
813
761
735
711
678
700
819
1283
1147
904
902
956
1073
1035
921
788
766
816
1056
866
958
1080
897
823
830
1086
872
932
822
732
774
894
1169
1106
1102
883
825
853
1100
1076
854
823
1104
1088
1041
851
809
869
1086
798
766
754
1247
1129
882
981
1090
1110
788
778
732
806
980
906
1159
1165
1152
843
850
944
962
880
927
1146
1018
1072
1056
933
772
769
1197
1087
935
1093
994
891
939
1090
944
854
961
1013
924
845
1082
1087
945
923
1016
813
744
862
1169
1011
906
837
722
716
718
891
1162
1025
999
830
838
862
1053
1008
864
778
744
745
796
791
764
742
658
651
654
662
746
695
710
675
674
658
664
666
652
667
714
781
791
776
728
735
775
788
818
906
935
853
784
747
745
731
709
1135
879
811
792
905
1057
1052
1012
914
891
907
893
881
873
1051
1085
1038
870
762
741
919
1219
1023
813
769
734
760
1209
961
775
778
822
777
1104
1093
1049
898
771
733
751
1354
1213
1118
1027
966
884
787
739
782
1296
1122
896
763
735
773
893
841
797
944
1157
1091
1045
909
874
759
728
739
759
1187
1180
1130
1115
1063
1042
922
839
795
843
1242
1152
1156
1105
1096
1081
1023
1052
934
842
787
903
1266
1249
1189
1156
1070
977
857
986
1073
1052
947
849
869
1176
1132
1109
1052
924
815
801
1188
1111
1133
1059
984
841
885
1232
1145
1049
870
770
748
830
1262
1139
1083
1011
1068
1168
1092
825
850
1094
1046
898
852
959
1002
945
792
768
801
1201
992
863
881
1111
1041
922
832
839
1174
1128
1037
911
858
1149
1119
1034
832
752
745
792
739
1243
1008
834
787
991
1100
1062
919
814
822
1105
1066
929
794
804
1208
1132
982
822
860
1171
1114
998
850
916
1122
1117
1010
907
1039
1129
1019
908
807
1105
1127
1060
945
848
836
1076
1054
1045
901
802
939
1151
1114
1006
840
850
1149
1081
938
832
840
1081
1127
1078
932
824
957
1104
1040
864
776
856
1153
1041
866
742
714
686
696
700
688
679
694
1191
892
749
755
773
794
803
814
807
734
709
711
763
1125
1049
1007
883
831
901
1217
1135
1071
979
852
763
777
775
766
768
740
708
729
743
1239
1149
1106
960
825
768
759
831
1091
946
849
788
1012
1113
1061
921
824
804
935
1186
1109
1024
905
797
840
1147
1100
1007
897
832
869
1132
1098
1010
882
925
962
941