710
718
738
778
773
826
859
821
882
875
862
885
883
836
861
883
893
870
938
930
915
846
852
849
839
833
816
797
800
776
800
813
874
889
829
878
887
872
881
899
893
850
839
853
890
927
988
883
908
910
869
875
914
867
844
811
794
821
818
813
864
814
829
886
948
964
884
845
854
872
943
960
948
898
838
845
873
923
968
927
883
896
942
965
921
861
867
883
920
939
944
893
887
874
860
819
759
744
771
796
798
794
790
769
776
769
764
724
715
747
819
832
801
771
754
729
735
786
835
862
824
858
902
937
840
829
861
867
867
874
824
596
1011
849
908
850
867
996
603
743
737
712
730
780
866
994
1027
955
957
937
921
902
883
846
854
869
889
886
854
814
799
774
785
795
541
1099
888
870
870
892
917
859
902
917
848
885
279
631
887
918
857
898
896
893
896
833
591
270
871
869
891
881
912
846
831
823
868
901
919
926
913
836
846
851
840
881
884
860
902
943
895
877
932
920
869
886
862
893
941
946
968
953
961
914
911
935
955
945
923
961
908
830
813
834
923
997
1019
935
923
903
926
931
884
906
883
870
808
828
841
816
791
775
769
754
751
740
721
736
765
804
922
983
960
865
871
888
941
981
967
893
884
869
919
955
987
880
889
930
863
881
918
858
862
948
958
864
908
972
957
967
1034
1045
970
1017
1036
951
991