978
913
966
995
978
890
910
948
909
876
264
663
926
879
925
885
917
946
971
926
915
955
979
972
894
903
915
945
960
968
912
941
977
937
943
951
959
956
863
871
895
876
882
839
886
924
967
1002
996
990
916
854
781
727
696
683
679
671
664
675
698
710
743
781
805
824
823
810
805
787
787
792
744
731
750
801
855
881
887
904
910
905
897
866
861
809
798
816
839
847
861
911
901
830
814
817
855
927
998
980
882
907
1023
1032
972
886
876
900
937
982
995
1006
992
988
882
907
940
949
893
958
973
955
988
928
965
995
966
903
936
960
982
961
983
1000
944
957
970
896
937
983
985
977
900
892
891
911
931
912
905
952
884
912
940
969
881
903
839
859
836
833
799
829
864
896
922
942
874
905
950
930
905
940
943
940
852
860
877
904
904
860
852
895
878
871
901
911
932
864
882
898
929
935
883
918
973
897
904
956
910
928
940
884
916
928
880
948
1000
925
974
994
921
979
984
907
934
947
977
987
928
888
926
975
1027
955
1018
997
943
1000
1042
1051
1046
1000
874
895
911
944
933
961
965
951
917
943
933
917
938
929
879
939
984
957
895
932
974
989
983
895
935
924