767
767
766
784
825
817
803
757
659
680
721
732
762
750
749
764
733
710
722
750
649
760
774
783
802
824
820
797
761
754
750
734
730
756
751
704
726
725
755
680
754
767
707
726
769
790
802
824
822
763
813
813
822
752
788
815
808
737
823
726
655
645
640
638
636
659
636
641
670
714
733
755
729
674
693
673
665
619
657
699
742
790
808
760
788
793
841
776
790
789
805
787
739
664
694
698
757
708
744
769
831
835
717
745
790
825
838
818
744
791
844
781
830
860
814
803
849
846
803
788
860
860
816
816
834
809
781
814
846
833
835
828
813
736
644
657
678
726
784
706
818
852
852
869
875
869
801
803
826
835
816
828
741
781
820
811
758
733
683
757
795
803
717
827
882
873
866
910
883
892
892
829
858
833
825
756
791
718
799
810
724
682
722
772
819
862
749
757
752
737
704
695
694
683
634
650
652
673
714
769
771
783
795
799
819
782
794
761
682
711
742
814
824
779
891
843
922
933
906
847
833
814
859
860
772
716
749
791
904
888
844
875
914
880
808
768
735
766
828
863
888
920
902
945
822
864
838
854
770
798
791
793
885
860
838
852
841
788
728
784
797
860
911
911
921
849
877
889
908
831
842
869
882
917
893
861
861
815
771
770
742
678
720
784
889
895
859
710
697
723
756
735
647
656
682
797
805
953
972
979
969
917
901
869
819
839
804
746
801
794
821
798
813
859
896
918
921
883
872
885
876
868
833
850
882
908
876
877
860
828
839
880
896
857
819
867
860
745
678
692
751
807
861
863
894
926
839
843
853
859
868
883
889
890
863
881
900
893
866
881
882
868
821
777
808
842
864
832
829
873
854
792
820
873
874
854
909
863
809
822
828
867
851
806
858
860
806
840
828
801
770
759
724
765
802
755
679
709
656
664
714
747
696
750
700
751
769
778
792
823
817
783
775
760
801
710
743
778
840
883
776
790
858
882
855
896
892
883
863
859
871
849
841
895
913
848
873
851
843
877
873
859
884
832
760
786
847
865
823
849
894
880
860
790
724
729
722
816
858
886
850
803
766
804
848
828
893
920
881
882
801
822
829
863
888
883
854
866
863
878
877
873
833
886
898
893
840
885
891
907
816
861
842
791
790
810
834
814
811
825
764
773
823
895
864
905
946
903
880
889
881
884
851
740
770
678
676
898
913
926
937
916
917
858
779
776
794
806
779
732
718
737
765
846
897
940
907
898
896
879
813
762
775
697
763
806
774
853
900
893
838
768
802
857
824
792
824
848
848
831
892
920
921
889
890
869
859
824
771
784
820
853
845
809
825
771
745
749
812
865
870
821
830
744
746
789
813
867
892
853
786
823
829
837
839
806
707
694
722
712
845
860
870
896
884
887
882
840
797
853
771
774
838
840
891
890
878
854
878
828
823
869
896
850
875
869
793
814
874
917
899
890
872
902
903
879
820
851
880
862
808
862
904
908
887
843
868
875
862
875
918
943
922
908
919
899
821
845
863
815
793
701
695
877
851
877
929
932
921
826
784
749
771
750
745
737
717
667
675
676
690
675
650
701
752
722
766
748
744
738
670
759
739
729
727
700
699
641
667
711
804
853
871
802
746
773
872
952
954
932
938
853
771
748
754
825
923
943
943
931
921
800
736
681
669
694
804
983
951
952
939
900
873
788
727
771
970
946
946
937
897
820
764
759
863
944
982
964
958
957
895
754
675
655
683
902
970
969
961
894
814
813
829
888
869
887
849
891
861
790
734
732
811
914
936
927
917
866
763
688
653
654
675
703
976
959
947
954
954
938
830
758
743
837
934
938
912
887
871
824
754
804
861
938
993
988
979
978
924
832
765
754
866
940
978
972
940
808
738
678
668
655
638
627
655
1019
954
958
952
847
790
872
929
945
923
859
783
741
738
938
942
936
937
890
799
756
783
866
899
923
912
941
950
900
910
850
766
727
747
850
875
906
923
927
913
887
870
764
689
669
647
622
612
606
619
903
892
931
896
960
972
919
900
889
857
834
884
876
932
938
852
885
944
966
956
937
955
920
834
848
934
942
931
948
918
905
855
814
894
953
957
919
913
917
925
917
914
957
932
851
745
782
769
796
785
810
790
828
844
844
799
815
832
855
859
872
864
878
871
850
806
775
775
841
919
901
896
902
778
727
676
665
666
692
729
960
944
988
970
905
837
872
983
983
918
937
885
845
782
785
885
971
974
991
977
958
858
801
805
845
950
989
988
968
958
965
986
852
793
757