616
618
615
619
618
633
602
590
580
576
577
562
550
563
569
567
570
585
595
588
573
565
551
546
543
543
545
543
547
542
542
529
535
536
528
535
534
534
531
535
534
527
532
532
543
546
564
580
578
574
567
571
579
590
586
578
580
576
572
564
563
576
574
567
593
596
585
604
597
586
620
648
604
635
636
608
624
612
619
611
587
593
595
586
588
571
561
556
558
555
562
574
590
594
580
575
586
583
584
592
615
625
618
627
645
687
662
650
637
604
603
617
629
663
633
655
692
715
663
643
641
652
660
648
645
696
729
651
656
632
632
621
601
604
602
583
591
592
580
593
585
578
602
600
598
606
621
617
624
613
621
618
610
628
651
665
670
672
656
629
616
608
600
597
600
611
618
631
599
616
651
648
665
654
646
639
628
604
604
603
579
588
598
632
666
645
696
702
699
682
658
657
650
642
621
632
646
648
646
653
665
650
696
724
682
710
719
653
660
627
617
638
642
625
623
612
601
598
602
596
599
600
608
613
632
614
645
653
658
644
616
646
647
649
646
630
640
610
616
612
630
634
639
634
612
628
641
653
679
681
674
640
662
659
661
661
672
657
647
664
676
658
685
691
680
657
671
671
651
668
668
652
646
664
664
665
661
637
646
638
640
640
640
625
638
629
612
631
629
642
631
646
645
628
636
620
628
647
643
625
644
642
613
628
617
610
633
635
637
651
635
647
640
615
624
624
618
614
616
598
593
621
610
604
608
608
575
617
610
605
611
622
639
622
632
645
626
592
613
598
582
584
600
619
623
657
677
658
672
676
643
679
659
619
634
636
644
651
617
608
597
584
581
581
582
589
609
610
607
635
646
634
638
635
620
609
585
571
570
558
560
572
582
592
598
620
659
668
688
711
717
666
680
671
676
638
643
604
615
632
618
617
622
636
645
671
693
675
654
648
623
621
620
651
669
641
661
666
700
709
646
669
697
713
698
654
689
685
691
673
672
674
661
655
658
659
640
642
660
635
644
644
682
701
670
714
716
708
673
684
694
695
708
698
678
692
712
729
729
725
696
681
684
703
711
708
667
646
649
656
679
722
693
672
708
760
770
681
692
674
658
637
631
645
641
648
698
693
645
640
637
638
643
608
616
613
619
613
633
638
638
627
643
651
619
619
616
620
614
623
631
628
638
640
622
633
643
628
637
648
663
649
663
666
644
639
606
595
588
592
601
611
619
606
604
605
611
639
673
715
713
694
652
662
656
668
678
688
700
698
675
689
688
688
696
681
649
652
667
645
643
656
675
650
661
667
672
646
661
669
658
660
687
702
660
650
622
610
612
610
623
621
628
678
671
722
715
718
702
654
658
654
702
731
723
694
675
638
636
630
636
651
628
631
652
709
733
742
691
659
648
657
667
707
717
699
674
646
644
643
646
682
726
695
728
725
690
705
706
715
717
700
668
656
647
647
635
635
652
642
652
682
722
713
685
688
657
645
640
626
606
608
617
679
696
729
709
685
675
631
623
626
640
635
621
641
695
787
741
778
765
736
706
674
645
624
624
639
684
711
735
745
740
714
749
737
721
690
647
641
631
613
593
588
581
580
583
595
607
602
616
614
612
592
580
563
564
569
669
700
729
757
753
771
763
693
699
697
716
732
713
684
632
631
632
655
673
711
709
685
719
725
715
729
739
712
682
703
705
725
718
667
650
650
695
694
675
788
764
739
713
707
690
668
673
684
707
723
721
696
670
705
721
736
742
694
718
725
686
677
694
679
667
661
655
644
641
687
714
712
726
723
689
668
641
647
655
690
695
728
755
706
729
714
726
746
757
740
705
712
696
672
744
769
766
755
744
689
696
712
715
694
725
734
676
695
695
707
702
747
725
708
733
716
708
719
720
693
655
665
677
726
741
709
735
748
746
714
730
720
726
732
691
687
681
683
690
705
682
680
695
709
686
681
678
689
663
647
661
659
656
660
641
618
614
615
638
646
615
620
702
727
746
750
663
659
804
701
736
674
643
640
844
782
796
794
802
753
663
742
725
732
750
740
711
681
706
707
752
831
838
779
748
756
729
756
749
747
709
715
745
712
759
763
744
755
740
755
737
715
765
775
729
762
739
743
737
714
721
749
790
811
765
730
768
776
770
731
749
790
780
778
794
734
775
775
769
737
713
731
734
736
714
696
678
653
800
763
685
693
735
759
748
733
702
687
718
738
770
781
788
781
770
745
728
716
695
712
744
799
820
795
785
777
750
739
759
761
768
723
705
713
746
799
822
830
774
724
668
662
833
777
804
830
799
731
726
672
818
796
812
821
764
773
812
779
762
688
652
647
661
928
871
895
936
907
843
770
762
759
749
740
741
722
710
729
766
796
806
772
750
757
758
745
732
707
700
707
731
745
746
748
729
721
697
657
761
753
815
842
844
837
817
808
774
710
677
666
688
929
865
875
877
874
872
874
843
789
762
735
681
813
780
852
856
848
814
790
758
691
667
678
878
828
873
862
825
771
799
769
767
741
687
686
667
853
791
863
829
751
709
679
679
676
678
677
674
715
884
821
797
665
679
893
836
845
874
863
850
806
786
846
867
847
840
775
673
842
730
761
760
773
788
793
778
721
768
810
746
794
708
735
806
785
818
814
783
717
816
780
796
799
718
743
826
777
793
814
756
706
902
809
794
736
674
954
874
853
838
708
748
698
686
690
676
636
622
649
649
704
719
751
846
829
777
645