769
840
909
867
861
877
864
848
839
816
805
795
870
933
936
866
820
797
802
854
909
920
926
890
873
757
728
712
697
814
945
904
855
754
692
696
722
763
801
875
927
957
946
932
915
866
808
785
793
845
949
971
919
971
886
889
883
882
881
893
907
905
901
901
959
895
865
844
834
830
767
813
845
938
914
981
995
1018
978
896
800
732
752
759
827
909
1035
1035
1021
949
926
904
887
854
846
833
830
845
857
875
876
948
900
878
939
727
674
679
775
818
892
974
1008
985
915
883
870
862
867
833
823
816
818
801
828
879
874
1004
1016
960
861
800
780
782
764
745
763
786
838
884
842
840
775
718
701
723
793
793
854
938
915
911
896
857
814
802
784
789
751
747
762
793
925
1000
988
923
891
875
865
848
837
813
718
638
613
643
682
863
974
921
889
896
945
893
860
841
819
815
797
764
863
817
837
802
772
752
750
745
785
844
832
836
818
710
661
680
710
775
925
973
960
946
913
864
825
755
741
752
792
840
899
897
815
781
782
789
826
865
848
826
821
810
816
797
804
766
742
740
744
767
831
861
881
848
771
781
738
706
675
698
731
806
974
989
948
889
848
827
784
773
761
740
710
714
745
840
967
1003
983
892
884
890
863
978
817
780
839
896
923
964
974
907
854
822
813
871
868
847
800
765
695
697
706
737
833
870
890
878
837
805
795
771
771
804
829
811
781
762
762
786
862
896
898
911
851
820
792
777
812
811
830
828
809
794