703
694
677
695
715
728
719
687
707
678
681
667
652
637
629
628
633
649
665
668
671
682
692
716
726
719
730
726
705
706
708
710
705
704
728
749
741
732
720
699
687
672
670
682
694
703
696
708
716
709
712
714
747
759
742
727
741
734
722
722
736
726
715
714
739
755
733
727
740
761
742
728
753
734
709
706
708
712
701
682
673
699
730
724
713
721
741
728
717
721
739
729
721
748
747
722
723
749
741
725
731
717
703
712
697
688
684
709
720
711
731
745
722
709
706
716
736
734
716
715
735
741
722
714
709
729
737
717
722
720
704
694
717
721
703
700
723
705
694
715
711
705
729
720
717
738
773
752
731
729
717
707
703
697
669
661
656
657
680
701
688
684
700
690
688
696
688
686
688
706
724
715
703
719
727
709
719
730
711
705
715
728
716
700
714
709
692
707
714
695
693
704
724
714
705
704
690
675
683
688
683
680
705
706
698
698
716
708
694
697
712
721
714
710
715
700
695
717
718
700
715
726
706
706
721
826
846
808
772
654
408
380
345
815
689
679
691
718
746
768
784
813
792
799
771
716
719
730
733
731
738
744
735
744
740
731
730
732
742
745
736
725
731
731
741
724
713
704
712
724
732
713
701
707
713
697
690
699
709
717
729
721
706
714
729
721
715
717
735
730
728
735
746
727
718
722
737
726
713
717
732
729
718
706
713
724
726
738
718
709
706
721
713
709
722
723
713
729
747
744
723
721
729
723
700
701
718
723
716
745
767
727
724
736
724
692
681
680
682
688
692
708
701
697
701
711
714
704
706
725
723
711
711
714
698
686
682
686
693
705
714
719
712
703
714
723
716
711
693
753