773
779
885
1020
1043
1034
1003
993
973
1041
1068
1005
1001
992
1002
1021
1010
939
1015
1023
1055
1028
982
933
931
877
898
938
857
809
821
813
847
815
835
933
1019
1064
1081
1053
1048
1074
1093
1046
978
875
796
820
839
877
891
899
1039
1081
1062
1037
1041
1033
990
929
949
1059
1116
1040
1039
1059
1018
1009
1054
1059
1008
965
1021
1019
997
962
991
1034
1015
976
939
957
1051
1060
1076
1054
1039
1079
1068
1067
1132
1084
1026
1058
1062
1096
1137
1118
1113
1166
1146
1048
1074
1099
1055
935
854
877
933
945
1145
1137
1081
1064
1096
1104
1052
1098
1167
1126
1088
1145
1132
1094
1080
1158
1142
1099
1097
1152
1127
1067
979
986
1099
1130
1083
1084
1202
1122
1104
1132
1104
1066
1168
1175
1143
1105
1105
1104
1095
1128
1191
1187
1174
1067
1062
1102
1003
981
1081
1153
1151
1034
936
1024
1051
1016
1084
1118
1121
1137
1084
1029
981
1038
1112
1110
1070
1048
1122
1129
914
884
941
1024
1288
1188
1100
1046
1102
1078
1043
1103
1092
1018
1037
1060
1025
1074
1041
983
944
1009
1039
1021
1043
1015
982
1015
1077
1052
1020
1069
1050
1022
1000
1022
1013
1003
1095
1117
1086
1086
1196
1134
1100
1129
1155
1090
1015
980
1115
1222
1134
1229
1167
1202
1146
1164
1135
1143
1081
997
990
1107
1079
1063
1060
1028
971
1023
1014
1018
1096
1096
985
846
821
833
871
987