828
786
802
925
954
941
879
838
759
745
729
736
741
727
734
760
777
755
789
787
810
877
909
877
887
906
939
942
1021
1063
1025
1030
1030
1059
1036
985
1039
1098
1004
1056
973
861
803
953
1042
1058
1074
1031
967
950
1007
1027
1011
1063
1135
1146
1145
1105
1051
1070
1059
1108
1134
1039
1063
1030
1015
1061
1033
1036
1078
1007
1036
1050
961
1007
1004
969
990
995
978
977
1058
1021
971
1019
1031
1030
1034
1034
1007
1043
1039
997
1048
1113
1096
1042
1106
1099
1130
1104
1097
1121
1069
1028
1149
1112
1097
1103
1074
1124
1138
1104
1118
1065
1013
1021
991
980
1104
1092
1104
1153
1076
1089
1130
1102
1054
1103
1119
1106
1063
1008
1063
1078
1068
1016
1050
1150
1127
1129
1081
1116
1159
1147
1079
1026
888
791
845
1359
1305
1230
1195
1137
1167
1147
1121
1107
1170
1157
1103
1096
1131
1086
1039
1058
1114
1082
1057
1089
1071
1073
1060
1118
1112
1099
1140
1079
1022
1046
1040
974
997
992
1022
1056
1047
1002
1074
1067
1043
1081
1066
1027
1051
1073
1043
985
1008
1026
1063
1102
1064
1122
1113
1015
1014
1027
1009
1063
1116
1080
1067
1086
1026
987
997
1043
979
927
972
976
981
962
1016
1009
978
964
974
929
980
1017
1004
1048
1021
1065
1009
933
814
797