671
649
639
633
625
616
608
610
649
615
599
590
589
612
695
707
730
692
641
662
679
704
705
739
866
863
822
786
756
744
771
839
862
834
794
789
805
862
848
835
787
771
765
771
827
830
807
765
754
749
758
779
772
747
738
728
730
780
797
795
755
721
719
743
762
768
729
711
707
719
740
746
738
710
700
711
706
731
746
729
688
679
674
701
695
686
674
681
698
722
706
689
683
683
679
718
700
691
674
664
675
707
702
685
684
671
674
692
723
691
692
682
678
670
694
715
688
690
678
681
685
706
710
688
672
660
673
688
704
679
674
673
676
710
690
688
688
686
689
689
692
687
674
673
677
717
710
699
679
675
683
680
700
721
699
682
679
680
706
705
710
687
684
682
695
715
706
680
681
680
687
728
712
694
694
693
708
730
698
692
684
678
700
738
717
721
666
650
633
614
606
615
626
626
651
680
670
647
665
701
702
695
692
662
666
658
655
654
668
684
641
644
653
680
675
650
663
688
685
688
687
655
693
655
722
728
728
707
710
705
728
728
721
706
675
683
709
717
730
722
699
705
749
739
729
696
703
694
688
679
683
702
887
859
840
805
759
719
717
711
721
736
719
828
929
971
938
888
832
763
721
720
737
772
860
873
822
781
758
744
740
745
821
829
818
782
765
755
775
779
772
759
736
728
730
758
764
750
728
714
681
688
719
712
704
706
732
744
740
726
693
724
707
729
729
730
712
709
708
717
716
715
713
707
711
712
714
728
718
698
681
687
684
714
704
711
702
679
682
704
707
718
709
695
673
680
704
710
713
703
679
681
684
700
707
722
717
685
677
681
690
713
714
706
677
679
679
716
704
711
683
697
727
722
690
673