776
786
776
724
754
776
732
754
811
798
778
750
748
690
690
662
635
634
622
607
612
599
599
597
589
592
587
591
586
576
568
580
604
652
664
650
671
686
727
743
700
694
682
657
667
707
740
762
760
780
802
781
787
784
774
810
830
797
815
789
706
693
727
852
949
848
856
808
859
887
854
811
779
729
730
679
656
659
706
829
1090
944
857
827
838
823
793
765
753
790
784
744
748
865
887
822
819
835
824
796
837
847
812
842
851
854
879
854
840
805
838
840
827
822
807
802
865
849
818
865
837
792
794
848
860
859
842
810
790
763
763
764
779
772
823
838
828
785
771
764
772
870
929
906
834
856
793
813
819
813
784
845
903
854
896
841
824
885
865
800
836
864
849
813
845
865
850
835
865
865
846
837
884
874
840
879
895
836
834
903
859
865
871
835
818
805
842
867
868
827
868
872
834
864
872
827
841
890
881
829
857
853
806
801
808
814
785
830
900
885
870
849
806
859
862
823
819
896
874
843
814
842
855
840
797
859
864
857
787
724
718
694
807
1142
938
893
866
802
804
840
758
707
722
757
882
875
824
807
766
763
735
696
669
673
664
671
693
703
713
681
662
656
658
665
676
724
775
847
844
801
862
873
823
780
770
812
881
902
884
871
926
880
937
934
895
906
876
857
842
812
824
904
896
839
815
771
799
806
838
773
795
899
971
866
844
931
911
929
883
949
938
928
892
932
953
950
892
928
965
906
928
950
982
899
943
964
968
938
919
880
952
946
905
904
929
928
878
890
929
885
862
936
1008
946
885
943
934
921
883
847
805
820
831
841
839
849