1028
972
1036
1039
1040
1054
978
965
1000
990
922
925
838
767
750
824
1152
1068
1052
978
983
972
940
917
913
967
962
971
939
965
946
886
854
810
761
718
685
659
647
639
659
1114
1015
1130
885
843
882
835
854
803
791
828
827
860
940
966
994
919
860
788
774
819
938
961
1034
1131
1054
1021
1015
984
946
899
810
849
945
1040
1036
999
966
965
970
954
955
959
926
917
924
934
946
957
896
926
948
958
952
854
829
807
914
1021
940
885
884
925
855
980
883
809
826
884
1047
997
976
920
838
821
778
742
688
664
648
646
668
1173
1011
1074
1021
995
968
957
939
910
807
737
712
752
1008
1057
1048
994
977
868
848
823
864
1014
1015
897
903
882
921
950
986
919
931
994
980
964
927
1004
1030
977
951
968
965
973
952
907
873
837
772
880
896
850
813
770
727
717
698
688
708
919
1133
909
850
822
775
733
722
714
702
684
688
682
690
675
687
683
667
656
647
642
648
643
665
711
750
782
786
796
768
729
721
695
724
769
832
858
891
860
896
937
958
878
889
842
796
808
914
1026
949
924
960
931
846
844
866
827
883
863
857
832
860
859
794
775
767
806
819
834
883
824
845
875
918
890
955
878
907
940
980
979
958
878
869
892
933
937
1006
972
1021
1018
971
980
943
969
981
876
818
799
736
694
673
683
829
955
1027
973
939
957
900
908
879
926
899
932
941
890
974
983
885
854
903
782
881
788
878
907
977
905
843
869
917
964
959
992
961
886
795
729
766
762
810
821
938
982
996
983
962
904
843
859
818
769
813
1018
933
987
978
991
960
925
885
738
708
700
679
687
872
1212
1108
1108
1006
963
980
986
985
897
820
790
810
822
887
1128
976
962
989
935
952
946
964
861
952
962
979
976
1020
958
982
953
961
1014
996
990
966
967
951
940
900
948
957
981
966
971
982
968
959
923
967
990
910
884
919
938
975
922
956
996
966
964
969
949
921
898
913
961
954
976
973
993
921
981
951
1001
995
998
1007
970
974
936
932
854
729
702
684
688
1079
1165
1124
1072
1065
1047
1007
926
787
725
706
771
1212
1090
1028
1063
1032
979
954
980
930
978
981
927
887
928
922
1067
1081
952
956
977
1005
1015
984
972
981
1017
997
991
1004
1028
938
941
913
943
979
994
934
874
826
869
1015
968
944
1038
938
938
935
906
942
1021
982
933
965
1019
955
979
993
973
951
972
951
913
968
981
953
937
944
958
960
915
926
944
916
948
933
904
916
898
800
731
733
813
973
1071
1066
913
852
763
800
835
865
982
1070
966
958
892
921
906
921
862
860
936
884
914
968
925
991
934
921
927
988
987
895
916
950
1009
1015
1031
1004
996
1031
972
923
940
911
947
986
986
955
917
958
959
947
930
909
976
998
856
822
924
935
985
975
960
920
913
900
966
950
948
910
960
1080
943
986
996
959
985
952
951
981
907
855
867
860
854
841
822
752
755
745
726
701
687
678
688
751
873
828
768
746
807
976
1043
953
949
947
921
875
902
1013
1030
1081
1035
989
1019
1045
1057
1053
1018
979
1011
1025
1015
1034
1004
951
968
1000
1033
1036
1030
972
952
982
1009
1032
991
928
897
900
900
932
958
974
936
922
961
1009
1015
1003
989
993
951
874
800
723
820
1211
1103
1144
1093
1016
945
948
1022
1066
1069
1074
1107
1043
986
996
1055
1059
1053
1055
1065
998
1008
1041
1049
1063
1025
1058
1068
1050
987
1032
1045
1038
1005
1027
1032
1019
976
941
989
1011
1004
994
943
947
968
938
898
929
960
951
918
955
978
926
943
947
915
915
946
934
923
965
961
926
965
965
937
877
876
840
795
856
979
924
959
984
962
994
1006
979
989
1021
1018
969
999
991
988
973
1021
1021
960
936
954
990
1017
1021
967
979
1014
1005
969
1017
1026
996
969
998
1015
960
954
1011
1026
977
957
1005
1021
979
951
1018
1058
1030
984
1032
1029
983
1023
1024
973
986
1020
1000
954
1004
1026
990
959
1021
1032
1006
993
1024
1046
1027
1057
1092
1056
1059
1063
1042
1008
1072
1040
1001
1058
1048
981
986
1048
1055
1026
980
1029
1058
1057
995
1048
1063
1070
1026
1050
1063
1063
1021
1079
1093
1024
1052
1119
1105
1107
1250
1159
1085
1128
1143
1079
1079
1108
1104
1050
1123
1112
1112
1138
1119
1058
1146
1059
1021