898
856
953
992
1050
875
885
771
817
806
870
888
858
740
755
786
804
777
675
673
662
647
320
1622
779
882
1134
6854
930
1137
952
1061
923
899
1034
946
1021
960
1010
1011
920
1060
1045
952
1080
982
965
1079
943
988
1051
962
1028
1021
1089
957
987
1062
957
1010
1013
976
1054
973
973
923
933
1007
975
1003
962
900
810
726
676
744
1133
904
955
935
957
1014
1003
963
910
1013
964
1032
1100
1019
983
889
940
882
899
960
1023
1045
990
1010
1070
1030
1046
1039
1063
1091
999
1179
1037
1055
1109
980
1056
988
1111
1065
1009
950
1054
1080
1035
1079
984
1043
1105
983
1028
1107
1020
1031
990
1001
1130
983
1053
1074
1021
1037
1022
940
1023
1116
974
1018
1011
1011
1012
923
1012
1123
996
909
891
1028
1082
1004
824
729
712
767
872
1281
982
1100
1099
985
1101
991
917
1021
1043
1025
1055
1026
1053
1033
986
1107
1124
1007
1132
999
963
1087
1028
976
1108
1089
1055
1195
1003
1059
1172
991
1035
974
925
1073
1045
977
1121
1059
974
1025
948
939
1050
1041
1033
1094
985
1146
1069
1013
1062
1084
1040
1052
970
1033
1073
1053
1067
1042
954
1050
1042
966
1014
1028
949
1004
1040
987
1121
1013
938
992
981
955
1058
1038
1045
964
940
973
990
960
1149
1032
1012
1087
1104
1081
1168
1049
1032
1055
1015
1017
1104
1137
1044
1035
885
957
975