766
735
861
856
810
728
715
685
684
754
752
817
707
711
707
747
698
673
681
764
757
688
672
656
658
662
651
647
656
661
625
611
596
583
578
585
641
672
636
705
846
937
899
786
760
693
666
663
742
967
934
797
805
902
959
868
785
722
692
849
765
743
850
891
787
681
657
782
993
979
958
932
836
761
793
853
857
799
832
938
884
809
855
860
858
810
816
862
839
818
813
831
839
796
824
877
848
805
760
690
647
650
739
772
737
788
1059
1012
932
867
885
875
885
833
824
844
863
818
837
841
823
781
838
879
833
862
885
842
784
823
839
876
813
795
841
872
820
785
818
861
881
825
781
843
874
835
775
799
808
782
720
694
744
841
810
721
771
795
718
666
518
749
647
652
845
958
861
704
664
655
717
802
708
736
776
926
937
772
784
880
838
1074
768
741
815
872
812
820
876
878
815
795
835
838
814
815
853
834
830
786
777
771
711
687
732
777
992
950
896
929
863
809
815
853
854
794
820
901
887
797
846
868
863
804
828
886
889
847
853
876
889
859
797
815
863
820
813
847
841
796
764
750
747
719
663
673
752
857
824
754
795
873
767
718
734
771
714
715
773
826
753
784
839
792
710
759
761
693
729
728
732
665
688
732
746
726
799
813
693
666
646
638
662
705
643
708
810
868
773
679
726
737
735
675
737
738
742
663
681
706
700
666
720
758
801
696
761
791
776
686
749
733
668
659
647
641
696
728
711
719
738
769
723
741
808
867
758
711
779
813
753
710
779
867
887
751
781
887
854
736
657
648
539
697
654
637
626
628