768
763
754
732
715
705
763
770
776
728
774
829
815
752
744
740
686
678
644
658
672
637
625
653
685
800
805
837
835
814
729
705
718
735
760
765
743
722
713
689
675
668
640
640
643
701
711
694
707
771
752
703
693
738
745
713
703
724
744
703
696
740
775
824
742
761
787
778
746
782
771
744
795
807
845
845
802
765
715
716
747
731
758
836
922
820
814
843
852
834
792
782
758
723
673
679
770
823
792
870
866
821
813
789
777
749
727
676
677
708
867
816
760
776
847
792
756
768
755
680
658
682
808
809
797
894
864
798
815
854
843
763
789
789
815
776
787
810
753
798
844
807
821
852
780
796
765
852
871
896
795
760
798
785
761
754
795
738
771
747
827
829
899
880
831
795
791
844
834
778
820
873
935
894
854
772
765
782
847
881
819
778
801
844
876
809
816
765
690
686
638
652
690
806
767
754
691
659
681
730
686
696
668
733
726
778
813
812
761
794
730
748
767
775
825
730
780
882
799
793
841
835
879
765
757
767
781
800
844
819
771
830
837
885
864
773
765
722
803
710
733
845
840
854
873
803
741
759
804
743
770
825
939
843
783
798
768
768
773
876
866
810
827
884
777
748
729
809
746
769
821
799
781
804
814
746
749
771
796
742
729
786
812
811
737
711
689
745
805
767
728
759
808
802
744
725
730
758
766
733
722
741
759
765
772
803
843
841
813
792
771
747
709
657
656
750
820
791
863
947
886
778
781
828
785
800
733
729
710
711
741
878
807
759
771
815
808
822
832
821
791
736
721
774
847
913
850
874
877
842
819
896
927
966
823
764
781
861
871
858
897
908
854
746
699
693
941
946
927
906
924
924
897
879
871
868
803
811
842
863
854
860
882
854
818
828
855
836
819
826
778
697
675
717
727
663
677
738
785
748
814
843
720
726
722
699
736
764
742
717
771
868
782
762
768
790
745
742
758
795
773
731
685
648
636
603
594
569
598
590
645
815
833
824
759
757
774
819
784
767
699
721
726
767
762
787
833
825
812
841
843
802
812
814
779
734
732
821
913
989
896
878
829
810
793
740
758
857
883
849
819
777
765
773
798
777
725
735
815
794
807
782
733
684
669
627
596
582
576
582
574
598
612
801
864
862
849
812
807
838
857
854
844
793
815
818
837
838
832
800
820
835
828
820
777
751
790
806
782
776
735
809
845
836
914
747
731
734
799
851
879
881
939
862
767
756
800
867
822
798
856
862
776
806
843
819
822
834
879
868
783
786
844
866
894
814
763
777
837
850
826
850
838
774
795
815
822
844
770
744
707
688
740
769
858
936
859
820
853
856
857
823
760
773
763
875
848
896
843
813
784
790
808
793
809
757
815
858
794
708
716
791
772
806
742
756
838
812
822
731
685
707
722
766
781
798
791
835
813
785
801
752
752
745
810
803
790
729
738
760
811
731
733
771
800
846
751
771
789
792
749
778
818
841
839
810
828
754
779
818
757
804
851
861
865
858
763
769
783
783
785
813
875
794
837
857
797
831
857
797
742
749
768
770
719
790
790
773
838
786
791
825
779
752
760
753
788
816
828
771
810
843
794
771
797
821
813
767
713
675
653
625
635
692
848
828
806
871
928
872
872
904
928
876
803
731
719
808
744
812
826
823
729
707
679
634
646
635
635
617
627
641
651
637
664
644
655
651
626
633
629
611
630
644
626
607
604
608
630
657
516
820
703
708
718
703
681
701
710
677
693
692
679
679
720
707
693
661
667
678
682
661
672
701
721
701
738
764
754
738
729
742
714
719
711
723
739
765
755
742
763
784
773
748
752
792
786
768
771
812
843
850
992
992
1007
831
776
823
878
836
852
864
902
929
1049
878
873
905
924
852
842
884
945
996
876
882
925
934
857
811
858
900
838
814
866
882
809
783
829
867
844
805
836
884
897
854
854
903
897
846
881
909
874
847
911
927
844
861
894
855
812
823
873
883
840
843
882
885
844
857
860
836
876
866
833
876
888
883
841
855
868
846
818
858
872
814
808
831
832
814
839
853
840
816
844
884
884
838
846
872
860
800
805
841
864
848
855
885
907
1017
958
953
953
862
767
800
1057
1004
919
896
940
963
894
905
931
956
896
834
856
953
940
860
885
942
881
867
950
951
860
836
883
903
868
802
827
969
963
838
786
843
943
956
845
845
973
969
888
922
1053
915
790
753
739
699
699
783
1042
1003
946
858
913
949
923
822
840
978
923
850
859
925
917
922
903
861
904
921
910
843
843
917
921
915
892
863
861
884
908
898
869
826
792
854
889
909
881
800
811
947
951
922
846
884
979
966
884
827
822
913
949
945
850
866
965
968
921
843
793
890
1031
943
837
848
1018
994
916
858
912
949
940
875
772
718
714
1029
966
939
938
809
733
695
682
670
680
719
713
837
1021
982
952
923
936
874
858
856
864
859
845
914
926
910
894
842
871
885
887
846