670
704
746
776
803
788
754
718
727
726
718
694
670
647
646
656
663
655
657
667
681
689
679
677
681
689
673
671
678
683
671
672
670
679
672
669
673
688
704
702
696
682
665
674
688
715
721
708
685
673
668
675
680
688
678
678
681
691
690
690
686
673
643
642
654
648
649
653
676
690
677
668
675
690
703
684
685
684
697
676
674
671
678
684
659
656
680
675
657
664
672
672
657
638
628
622
630
650
661
675
664
654
661
673
682
684
663
668
651
633
604
607
601
590
575
576
571
560
556
552
550
550
554
572
580
612
640
665
685
709
736
750
743
710
710
694
700
702
689
681
674
671
656
627
619
605
596
575
579
568
564
571
571
578
591
605
609
614
620
615
621
640
655
678
692
682
705
691
676
663
655
646
627
624
618
626
648
652
671
659
668
678
689
682
688
708
699
684
668
659
667
668
668
670
641
648
637
629
604
601
601
581
573
574
561
552
553
552
554
550
545
546
539
535
537
548
548
565
582
592
603
618
637
649
639
642
640
643
643
652
652
663
655
668
675
682
669
645
641
637
623
596
591
570
571
556
562
558
564
578
604
683
727
721
738
745
734
710
727
715
719
728
710
713
720
730
721
701
688
700
701
697
710
692
687
694
695
676
673
686
698
701
697
679
670
670
671
676
662
663
675
677
696
666
660
679
684
688
686
679
675
653
653
673
660
659
660
697
691
682
655
653
638
641
668
676
688
676
674
695
704
695
696
714
709
701
721
706
690
697
715
687
681
695
711
707
716
705
703
665
667
673
644
635
628
615
607
601
602
604
609
620
656
685
676
671
677
701
677
674
678
700
712
752
729
712
696
665
646
620
611
598
606
614
625
635
660
653
660
651
644
649
654
660
645
653
663
644
638
634
647
663
662
650
649
658
659
680
648
663
666
662
650
642
632
640
635
623
622
652
702
705
690
677
659
631
636
641
676
698
685
695
693
720
716
707
688
666
662
666
686
710
719
714
692
683
686
695
704
713
711
703
708
692
697
693
674
671
675
688
661
655
651
648
642
629
617
617
644
647
666
679
689
689
690
690
686
665
656
652
680
690
699
690
692
702
688
683
689
682
677
684
688
699
698
692
684
662
649
643
646
660
678
670
670
684
709
707
704
686
683
663
655
661
669
685
676
678
691
699
696
677
643
636
634
643
660
667
688
709
721
727
718
709
706
721
712
702
699
691
677
672
668
656
656
661
665
675
682
688
675
657
642
640
655
661
681
692
696
684
665
653
630
626
641
640
650
660
676
675
673
670
646
645
644
664
665
678
675
676
682
692
706
720
726
729
722
717
704
689
684
695
688
693
689
680
674
674
673
675
679
680
664
663
670
671
659
623
632
637
653
653
657
659
650
645
652
658
653
651
657
666
683
683
687
666
665
660
668
665
662
656
653
647
642
627
622
613
604
594
585
579
577
577
579
589
601
622
639
668
720
782
776
768
742
727
712
695
682
662
629
625
618
621
637
639
647
654
639
638
633
609
599
598
596
604
608
615
631
633
637
646
646
651
650
639
648
649
656
668
676
681
676
679
687
674
673
681
689
689
696
700
695
686
686
692
699
698
692
693
694
688
691
683
679
680
691
689
692
701
714
727
705
703
698
697
703
689
691
687
687
667
660
650
627
625
612
620
642
646
627
622
612
601
594
583
577
576
582
598
601
593
609
641
665
712
758
786
782
782
775
752
740
730
717
708
696
692
700
704
712
676
659
645
618
613
614
632
623
641
654
668
684
688
690
681
673
670
670
666
646
645
654
658
683
674
659
645
650
642
621
624
628
638
643
651
659
662
668
671
680
688
681
697
705
712
695
713
724
729
726
711
711
706
705
697
677
654
646
640
636
646
652
665
681
688
694
691
694
686
664
653
658
659
662
663
659
666
660
659
639
630
628
628
640
645
646
647
646
636
632
633
630
625
628
628
629
631
638
642
655
676
679
667
656
649
633
626
634
631
609
612
616
614
603
602
599
605
614
625
641
632
631
629
636
634
638
634
630
629
622
607
622
621
626
620
615
622
625
629
631
637
640
642
642
638
627
628
626
629
645
669
707
696
672
651
638
623
608
604
603
606
611
606
614
639
667
681
701
732
760
763
731
719
716
715
713
712
706
692
686
674
672
674
672
657
649
643
641
642
650
662
677
680
672
670
671
678
680
668
667
664
671
676
670
667
668
676
672
663
668
675
684
680
669
652
645
647
649
659
675
681
670
667
667
670
671
675
667
662
661
656
651
644
641
646
653
662
662
664
673
686
691
683
682
678
700
705
692
671
672
676
681
671
660
645
627
613
609
617
640
652
654
657
660
665
673
676
668
656
651
650
658
658
654
649
650
664
679
666
662
658
664
665
654
646
646
652
665
661
649
645
646
654
661
656
648
644
644
655
649
640
636
641
649
650
641
638
641
649
655
647
643
641
646
656
659
645
640
640
643
642
632
617
612
610
612
616
628
636
640
635
631
632
634
639
645
643
638
633
632
644
658
649
645
644
645
649
652
649
646
644
642
644
646
644
640
638
643
655
652
647
640
637
646
649
644
637
635
639
649
648
641
640
638
639
635
633
626
607
604
604
616
632
634
636
638
641
647
652
659
656
659
661
667
674
683
680
673
665
670
680
686
678
667
658
662
672
674
660
654
649
662
681
689
693
681
673
677
686
684
672
660
649
649
657
662
654
640
623
619
629
640
644
634
636
637
642
645
646
640
635
626
630
627
629
626
623
615
617
631
630
634
634
637
639
648
655
660
653
653
658
664
673
674
675
671
681
695
690
679
671
670
678