833
809
798
827
833
860
743
698
670
784
841
845
845
812
781
727
664
653
687
719
726
797
698
752
728
720
820
854
767
836
704
718
709
700
655
636
628
632
636
628
706
910
1056
1001
977
911
748
685
668
735
1079
1073
1030
991
943
848
781
763
752
753
1138
1062
982
867
723
701
708
749
723
667
802
812
1157
1071
1021
909
753
701
689
703
740
789
698
726
660
656
641
633
637
678
689
1054
1007
1037
979
894
744
694
684
666
667
1086
904
938
957
957
986
991
943
938
883
775
732
702
711
815
1125
1039
897
877
800
760
750
740
722
699
725
747
710
717
733
891
1062
1012
876
774
735
699
690
689
669
664
713
1152
1031
937
814
735
702
724
728
685
700
673
659
711
777
734
740
701
703
814
732
702
704
709
759
735
723
726
750
852
803
764
765
747
678
700
709
731
673
707
824
790
811
761
813
745
866
897
822
824
819
794
759
771
813
835
796
848
873
816
805
820
788
764
770
785
807
738
796
810
839
727
895
927
835
811
802
743
686
688
724
690
786
854
940
854
851
835
796
771
785
801
783
771
804
1012
953
967
935
818
792
772
773
773
868
1105
1005
1029
912
793
788
784
763
804
972
1024
1017
1048
875
809
794
761
767
802
865
840
813
1090
972
948
818
710
668
657
717
725
804
1110
1013
981
990
882
769
761
776
753
707
1177
1007
942
992
956
915
940
932
771
778
846
840
809
1183
1091
1068
925
787
670
699
653
727
1226
1060
1021
1027
1014
895
815
782
739
725
710
1173
981
993
978
896
780
712
659
629
665
697
790
1155
1022
984
1010
944
795
755
764
775
737
1233
1103
1015
1055
976
865
841
855
811
774
794
865
1141
1043
1053
1033
929
850
831
802
800
849
1136
1034
1073
984
829
796
806
732
657
833
1146
1009
1035
1035
944
956
894
748
732
720
819
841
734
662
670
1214
1088
1044
948
792
685
650
648
636
668
646
661
688
707
736
730
737
718
699
708
949
992
930
764
716
704
766
805
737
1208
1091
1048
986
1012
968
828
759
744
724
747
808
877
1061
990
846
686
652
716
1065
867
760
760
733
835
824
776
748
868
825
820
792
747
742
759
1169
1054
969
877
820
771
765
762
766
801
861
896
857
810
763
754
746
770
743
806
718
1151
938
791
724
698
684
657
678
691
785
729
715
703
781
909
909
790
706
684
693
733
696
774
903
1004
786
722
728
800
793
697
793
788
855
826
748
741
882
801
742
709
711
751
725
713
789
798
766
723
702
719
825
800
680
687
692
841
724
676
721
732
801
693
713
811
754
707
657
701
741
854
824
796
784
735
694
675
652
653
688
749
695
722
1017
888
806
797
759
736
715
744
694
750
803
854
1026
1005
1023
993
884
831
811
816
823
918
1111
975
919
883
857
757
752
1204
1091
997
1023
1002
906
815
763
774
775
863
835
780
705
884
1128
979
969
863
736
711
751
835
881
909
864
788
776
771
836
832
774
763
803
807
749
786
737
836
733
747
860
950
946
969
892
773
780
779
786
788
876
1209
1073
1026
996
848
762
739
781
795
799
1223
1037
977
1004
967
922
946
865
766
740
962
807
758
886
833
1075
1021
929
934
950
831
792
813
950
946
984
1034
917
782
734
794
1071
1033
945
961
931
864
798
841
950
1021
975
995
880
772
706
695
676
706
785
1157
985
848
718
662
813
752
687
812
888
1047
981
981
886
779
739
746
925
1052
1039
1090
1057
949
875
811
782
762
760
854
1164
1038
1037
972
956
971
989
912
991
1066
960
997
1011
904
824
821
852
885
1135
1049
981
1008
938
844
832
823
801
809
873
1126
990
1056
993
867
790
777
718
970
1146
1028
979
997
917
829
795
820
809
800
894
1102
841
693
707
1087
936
1001
965
881
909
1023
1028
991
954
897
843
851
919
950
1069
1022
990
1005
880
808
799
803
790
890
1150
1008
1041
967
903
877
833
775
825
887
989
1126
1079
914
843
829
784
663
1147
1083
979
1009
981
926
948
943
908
932
958
930
932
944
1028
1060
1022
943
948
940
773
750
778
798
860
1072
1095
1005
880
819
828
813
1226
1167
1089
1110
1036
1002
982
881
828
813
1088
989
1044
1010
937
962
955
869
867
1013
1010
940
987
970
917
934
974
893
869
805
794
829
883
976
1004
1005
813
737
703
1182
1022
889
765
695
693
712
711
1147
1032
959
969
964
851
783
777
836
837
973
1150
991
1006
942
816
786
809
1124
1014
997
994
937
966
965
930
955
971
931
953
1000
979
956
975
971
931
963
989
979
954
994
983
947
925
924
928
1042
1044
1003
979
919
775
704
658
662
701
701
1152
1045
965
992
975
898
823
771
780
679
671
663
872
899
948
842
759
731
748
730
696
690
653
641
723
796
696
660
749
709
869
813
738
669
649
703
1133
1008
990
985
888
759
688
703
771
812
823
869