609
610
626
641
637
633
652
646
649
627
616
613
598
582
578
588
599
633
608
604
604
617
637
640
626
609
606
599
598
583
573
565
561
573
590
595
586
581
586
616
641
670
652
624
613
629
654
669
631
639
659
678
654
643
667
678
665
646
637
650
663
701
657
649
669
678
653
638
632
646
665
649
648
656
658
655
635
630
653
653
649
625
622
635
646
648
619
614
627
651
648
640
638
656
660
655
637
627
636
643
628
610
607
604
602
589
584
584
585
583
572
581
591
585
588
597
605
609
595
592
599
589
584
581
590
607
628
610
616
621
633
644
623
616
624
628
619
609
605
619
642
638
618
606
604
620
636
643
623
616
636
657
662
641
640
646
671
669
634
626
624
636
649
639
621
625
644
654
672
652
626
619
629
639
625
609
609
611
621
636
627
612
612
621
644
649
629
616
613
619
617
608
604
604
618
642
617
604
601
605
615
625
611
605
611
630
630
612
604
605
613
614
604
600
601
602
611
613
597
598
604
616
637
619
610
609
622
628
620
611
612
625
631
619
614
604
611
618
626
609
605
612
618
628
609
601
602
601
594
582
578
575
573
582
590
588
584
576
576
563
569
597
603
600
594
598
605
605
597
585
584
590
606
607
590
585
590
599
610
605
597
610
628
635
616
600
598
605
620
620
604
599
602
622
650
644
632
631
668
661
653
625
616
846
661
2351
664
675
654
641
637
654
675
671
639
638
643
653
653
646
639
633
659
691
687
651
640
652
669
675
651
643
646
663
669
646
641
651
668
666
640
628
629
636
635
620
617
635
646
633
615
611
623
647
654
631
631
648
656
670
646
638
624
629
619
623
620
604
595
586
577
599
621
606
599
602
626
647
643
636
632
682
703
665
650
636
646
658
684
646
641
645
682
706
681
656
652
677
719
684
681
706
696
646
617
604
598
599
582
572
576
574
571
559
550
540
544
546
559
562
562
558
552
548
547
543
537
535
527
522
520
517
515
511
287
738
512
512
520
521
1064
530
525
530
545
553
554
551
554
556
576
598
612
628
615
623
709
634
649
659
670
669
670
699
804
656
674
761
706
702
653
649
669
636
593
589
584
589
610
659
672
643
616
609
600
613
622
641
631
622
618
623
640
660
663
646
611
604
595
599
633
645
664
675
654
627
604
591
584
594
627
682
727
655
712
745
706
715
688
675
631
613
599
591
594
624
688
723
761
720
711
676
665
660
621
608
603
604
638
692
697
734
733
688
681
646
617
591
580
573
571
600
664
723
751
688
668
687
680
670
643
617
597
582
575
572
593
638
719
723
703
648
628
607
596
607
620
645
647
644
641
619
597
579
567
564
564
585
629
651
657
643
602
591
581
582
596
607
632
623
607
600
581
566
561
559
559
573
585
598
596
592
587
566
558
553
551
554
567
570
580
601
609
596
583
568
564
559
546
550
564
592
628
647
638
634
612
595
578
568
563
562
574
598
633
641
669
667
627
605
601
605
617
653
679
687
661
635
596
585
578
580
602
635
652
678
648
609
602
589
595
607
640
681
713
690
649
615
598
590
587
612
646
687
690
673
628
605
596
589
595
618
636
673
657
645
602
596
586
588
599
608
621
619
617
604
574
566
558
561
568
580
595
597
595
587
582
563
554
546
543
544
555
590
638
656
687
652
617
603
591
590
604
629
637
658
669
652
637
600
585
571
563
573
586
630
740
714
708
672
639
611
606
602
607
627
634
655
672
627
602
591
584
593
611
634
657
683
661
628
614
610
607
599
598
634
669
672
660
648
627
597
586
578
577
575
589
602
608
618
617
600
583
568
564
563
568
577
616
623
630
628
614
608
595
582
565
561
554
557
561
571
594
602
597
592
573
569
565
561
565
575
590
597
604
602
588
570
563
558
561
560
566
586
615
621
615
617
606
578
572
567
560
552
553
570
585
585
573
576
573
585
600
646
684
658
639
604
592
582
574
580
604
642
659
707
684
626
613
602
600
601
610
622
643
648
627
604
594
584
582
591
609
625
639
654
655
642
605
596
593
602
606
634
639
608
599
593
595
595
616
631
633
648
657
638
602
587
580
582
603
628
646
696
704
680
621
620
605
595
597
610
632
669
664
638
606
595
583
579
580
596
615
622
639
637
620
592
580
572
574
580
591
606
609
617
604
590
583
575
565
558
554
565
569
573
572
568
563
554
551
553
559
571
587
605
615
605
603
588
581
577
578
583
594
597
605
602
594
582
574
572
573
573
581
595
605
620
613
605
595
572
561
558
551
544
539
557
580
585
591
573
566
565
563
570
590
631
641
659
664
646
617
591
582
573
579
604
624
630
651
643
605
591
580
579
589
604
619
627
616
589
585
576
581
588
606
613
631
621
604
591
582
577
578
601
622
642
654
670
650
620
593
581
572
578
602
640
655
648
631
609
594
591
584
587
606
630
657
648
629
601
592
583
589
598
603
606
586
573
568
567
563
565
567
564
550
545
542
547
548
564
587
604
607
598
587
569
561
557
555
558
579
602
617
622
632
609
591
578
568
563
570
581
604
628
640
609
592
577
566
565
568
583
590
611
601
589
575
571
573
579
601
606
605
599
588
572
567
563
563
570
588
610
616
617
602
583
573
568
573
586
593
609
608
599
586
580
576
580
586
598
618
620
610
613
620
597
576
566
558
560
577
601
637
658
690
650
628
607
594
592
585
584
588
569
558
553
550
557
577
587
597
582
579
580
581
591
604
599
598
591
583
588
598
584
576
561
548
546
547
548
563
588
602
596
586
579
574
574
581
593
635
651
644
641
624
585
578
573
575
597
620
660
730
706
675
631
607
597
588
597
611
618
628
597
585
582
579
589
621
654
637
633
626
598
581
572
572
574
580
583
588
578
560
550
547
542
545
562
604
675
666
691
679
633
603
577
563
554
552
556
572
584
613
618
602
588
588
584
590
605
606
621
621
610
585
571
565
570
595
626
632
646
611
600
594
613
619
638
629
630
604
589
585
586
604
622
632
601
597
587
584
599
623
639
639
623
604
586
562
551
553
554
566
592
605
590
578
580
588
611
621
657
639
601
594
590
596
623
667
687
677
628
602
591
598
600
632
631
598
589
588
602
620
643
651
625
613
636
605
602
597
611
644
642
662
624
602
594
612
646
649
684
665
646
603
582
576
567
567
588
596
584
581
572
565
558
554
545
544
541
553
575
604
616
599
577
575
582
596
616
646
635
598
587
580
584
604
653
670
677
669
603
593
582
590
599
621
626
600
595
595
606
621
627
619
592
588
582
585
599
612
609
597
579
574
567
575
596
644
639
643
628
594
583
573
569
573
575
576
562
550
544
546
548
562
578
582
575
576
578
595
605
624
663
639
608
588
578
575
589
594
612
620
609
588
585
577
590
607
625
640
608
601
591
591
604
630
628
641
639
646
594
585
575
583
602
623
665
651
613
624
640
663
673
693
668
627
610
601
603
652
678
658
627
617
614
637
658
683
659
616
604
591
588
604
616
603
590
579
567
568
572
589
606
619
617
608
597
592
587
588
612
644
672
633
614
607
604
622
624
642
615
598
595
603
621
639
653
649
608
599
595
614
639
666
660
617
625
621
621
640
624
605
592
566
563
557
552
554
545
543
554
550
635
465
549
1109
567
566
564
561
564
564
559
557
553
548
545
541
539
536
541
563
583
581
587
595
633
679
715
670
651
636
655
677
727
714
696
667
639
624
616
634
682
724
793
698
743
711
705
681
684
682
688
669
655
645
659
671
667
645
645
665
692
679
645
631
623
622
599
603
639
680
652
645
640
652
698
704
676
665
670
676
686
688
663
658
664
667
673
663
670
709
714
689
664
668
706
718
685
675
669
693
686
690
661
648
663
687
706
662
659
649
662
683
685
659
643
637
633
660
652
641
633
618
598
586
580
591
596
603
611
658
688
700
660
644
647
665
723
729
666
667
689
724
721
684
668
659
688
705
688
663
659
693
703
689
669
663
675
699
660
637
655
666
677
670
650
642
652
689
698
663
665
680
698
678
672
688
704
691
666
672
693
719
668
658
658
688
711
694
683
682
686
736
731
745
692
677
678
692
718
674
672
675
712
756
707
683
663
666
675
691
659
658
677
691
694
688
665
651
655
685
718
752
744
715
667
656
653
672
693
800
756
664
634
614
599
589
603
632
648
626
627
648
679
708
671
651
641
650
685
705
701
674
662
670
724
743
725
677
666
668
688
692
701
666
654
653
668
688
719
713
655
646
655
664
669
649
629
635
644
664
657
649
641
634
646
689
709
707
671
652
649
665
691
680
654
646
655
688
733
734
676
654
639
644
663
722
749
689
671
662
683
698
717
697
663
648
640
646
666
686
686
654
654
648
660
705
700
709
647
646
629
636
681
694
713
692
663
654
659
668
682
698
658
627
611
597
590
581
587
620
648
632
626
623
626
645
664
685
706
708
672
667
652
663
684
707
679
649
639
636
702
741
696
663
659
704
713
703
664
654
674
688
698
671
654
668
682
682
652
637
636
631
615
616
635
634
628
638
654
623
601
591
581
573
565
572
587
594
586
580
650
715
658
638
630
615
609
612
631
618
612
608
622
641
672
636
625
628
646
660
665
649
649
663
670
639
626
623
637
631
622
631
647
643
645
638
634
644
666
673
656
654
679
659
638
631
653
673
681
672
665
676
688
690
660
660
669
667
657
659
673
690
669
657
679
704
713
680
675
690
710
695
673
673
728
730
683
670
689
704
681
672
688
672
665
666
689
695
703
670
667
695
694
674
658
658
668
680
657
661
709
721
677
665
672
687
694
679
665
665
693
725
678
648
635
619
610
603
585
591
608
622
611
613
652
646
630
623
659
682
673
648
632
621
603
585
578
584
586
621
664
666
671
663
656
646
657
710
769
739
693
680
689
735
768
758
714
707
717
723
753
710
685
712
718
710
673
664
655
634
645
633
635
650
664
647
635
651
639
634
621
621
645
661
648
617
606
624
638
635
623
623
646
669
651
638
632
653
646
629
624
620
637
666
665
657
657
660
682
662
645
665
662
662
663
669
682
681
651
633
624
636
655
648
648
662
670
656
641
634
640
657
673
667
661
694
726
688
672
690
707
702
666
654
654
678
679
665
671
713
710
684
664
661
664
667
639
631
624
623
602
625
622
621
646
679
671
659
659
669
676
664
646
653
684
700
704
687
678
731
771
733
689
681
682
658
635
628
646
664
635
617
619
619
623
608
597
594
594
586
581
579
590
599
606
604
596
604
612
627
616
613
612
640
656
633