723
715
698
695
696
696
671
668
667
678
676
654
664
663
680
714
748
744
725
709
696
686
682
672
652
655
653
653
670
663
692
735
834
851
836
771
774
749
712
721
731
700
695
701
738
798
873
864
831
728
744
731
744
770
791
770
796
808
810
769
768
763
746
714
720
727
757
794
780
817
783
736
716
723
730
724
727
722
717
706
702
697
678
667
676
683
730
799
891
872
766
736
724
731
766
797
796
769
710
698
681
677
688
727
777
843
877
862
849
818
790
768
805
816
827
794
808
784
806
814
819
837
796
830
813
837
852
811
802
800
787
745
753
747
740
726
713
732
735
751
780
793
771
738
742
756
778
777
770
756
720
715
697
696
688
672
695
769
710
740
762
794
756
790
769
760
734
744
735
745
750
741
744
727
723
722
685
683
680
680
688
670
683
699
711
717
693
713
719
704
693
685
665
674
663
645
643
645
648
655
679
710
711
715
736
738
727
719
708
703
699
677
663
664
671
685
715
738
752
729
714
732
763
772
763
770
765
730
719
720
726
717
717
699
690
671
690
729
736
797
818
768
758
779
742
738
771
769
777
797
760
738
770
791
791
793
764
765
793
807
781
775
795
787
771
793
801
796
774
796
753
784
786
789
759
777
771
744
767
761
756
757
748
716
752
803
841
854
842
798
779
771
731
722
741
792
846
863
866
856
812
811
803
794
774
726
705
708
716
700
733
768
780
771
757
720
737
728
718
710
677
662
660
684
722
753
784
789
788
765
727
694
688
670
668
671
660
646
638
649
703
800
845
870
866
837
803
751
735
717
694
731
743
752
745
700
716
728
709
716
723
746
771
768
747
752
735
734
731
716
708
707
697
675
674
689
699
716
736
753
732
733
730
710
701
713
714
706
723
774
820
848
830
820
839
796
819
830
807
789
781
735
762
771
767
729
718
714
748
756
723
695
686
683
692
719
723
740
721
711
732
728
725
724
728
730
735
725
722
712
725
745
712
719
737
766
788
803
785
728
723
715
729
739
713
700
703
727
759
760
769
764
755
751
719
723
725
750
807
800
826
781
729
736
749
792
814
803
762
769
775
780
762
752
785
797
809
804
819
819
823
816
804
843
812
785
779
767
755
750
727
742
750
754
770
772
734
729
710
689
693
675
646
657
639
620
608
627
695
787
865
900
916
875
857
821
786
757
751
748
705
713
723
702
747
999
958
919
932
934
897
841
776
758
772
791
815
851
807
844
850
855
831
813
773
761
759
775
794
827
760
760
771
800
794
782
767
729
729
736
754
769
777
783
773
771
783
762
752
735
724
747
825
863
754
742
723
716
683
684
679
700
732
758
737
767
743
756
730
695
710
725
761
735
755
767
732
763
745
738
774
780
751
811
795
792
774
735
767
761
768
766
775
763
743
719
688
707
734
743
787
812
789
772
776
772
752
780
779
753
762
762
746
749
726
735
738
747
747
732
723
691
707
745
766
765
780
782
772
728
736
732
728
708
732
756
769
756
784
789
765
792
766
765
757
759
750
700
697
699
705
731
727
784
878
886
813
837
819
789
805
798
758
770
739
717
728
749
784
749
782
782
753
775
771
752
766
766
744
751
749
727
742
743
742
759
707
686
662
657
687
688
704
712
723
731
696
690
701
698
701
715
727
743
759
745
763
719
729
717
692
670
667
674
712
714
697
683
698
688
671
647
649
653
653
676
721
763
765
701
723
726
729
742
725
702
700
718
788
862
857
831
784
747
755
759
752
753
759
750
731
716
746
798
852
840
824
780
752
773
768
770
781
766
739
739
759
769
809
833
805
787
788
826
827
847
803
800
826
876
881
850
811
819
829
842
820
785
794
861
904
904
844
839
855
818
743
772
818
769
754
772
787
808
848
823
782
783
815
829
782
726
737
766
762
735
743
781
857
883
857
785
760
760
763
781
822
834
790
782
797
827
849
858
816
821
862
859
839
793
781
811
827
875
869
856
909
910
881
821
831
835
834
818
786
822
842
866
787
789
846
886
938
948
925
902
858
831
772
767
786
802
814
818
781
784
807
804
795
765
766
803
810
801
764
739
745
753
765
772
751
727
717
686
707
741
771
771
738
714
701
713
735
745
758
779
757
729
719
742
758
778
783
797
755
732
739
776
807
806
764
734
748
766
772
771
781
746
729
724
736
749
761
735
723
722
740
778
829
845
801
785
805
807
805
772
769
786
793
785
759
784
803
804
781
766
801
813
822
821
816
787
758
787
829
857
836
796
775
794
813
825
837
839
826
805
783
780
781
800
817
812
825
845
814
776
770
788
838
877
877
864
836
799
792
790
827
843
840
845
803
771
783
811
852
859
845
816
786
805
801
826
830
785
771
803
838
865
845
812
793
813
823
812
821
760
739
740
757
810
835
776
759
749
756
779
781
759
731
759
714
683
667
665
672
668
660
651
653
638