787
764
769
771
818
810
807
828
850
833
825
828
806
779
783
789
791
778
763
774
789
805
804
820
813
791
786
786
786
775
792
802
817
799
806
813
816
737
705
717
754
809
849
824
778
767
769
765
754
766
771
753
751
754
762
763
763
735
733
720
710
684
698
729
772
822
800
827
815
783
733
690
682
685
694
733
774
781
755
731
724
748
769
781
783
774
790
817
812
806
729
682
650
622
624
646
648
637
623
613
621
656
721
735
687
705
744
789
814
829
831
819
826
775
728
721
746
787
803
793
817
876
909
882
855
863
888
881
890
910
903
838
805
791
788
769
729
715
725
746
775
790
735
739
742
740
759
771
752
820
880
865
808
778
773
779
803
829
809
796
780
764
755
766
855
928
931
858
854
820
802
794
776
770
789
790
805
823
813
853
818
852
836
824
786
794
809
838
782
756
741
700
687
697
747
807
833
863
898
856
824
797
781
778
798
816
868
860
859
883
862
838
851
869
878
854
839
856
833
830
841
847
839
830
836
862
867
842
859
826
813
806
798
782
774
784
808
849
854
817
814
813
829
812
796
800
802
818
819
834
853
855
841
845
844
862
838
836
837
853
843
838
822
825
827
832
825
793
787
805
803
811
819
826
827
808
806
807
795
797
813
826
800
810
836
821
746
714
740
796
835
823
836
845
829
808
776
752
734
741
756
794
795
821
807
799
823
838
841
838
851
866
846
840
846
876
876
907
854
824
821
838
840
824
849
881
921
903
851
818
834
867
874
881
898
871
890
892
873
850
870
880
885
854
879
892
865
833
834
836
819
814
825
822
805
834
884
888
848
838
853
861
836
833
833
855
853
864
878
893
875
838
832
839
832
837
854
865
865
769
715
724
759
809
810
776
792
812
807
824
813
821
845
831
769
757
767
796
786
802
834
833
815
833
860
842
813
820
793
758
741
753
782
794
801
802
791
774
724
679
655
645
632
625
625
634
650
670
690
689
688
678
675
683
702
721
708
726
710
701
744
820
878
852
831
855
878
889
861
840
826
813
819
843
880
928
892
825
801
816
828
838
806
772
779
766
766
781
813
842
854
846
775
720
681
659
648
643
635
628
647
694
792
787
792
841
827
811
776
748
731
725
742
773
779
779
784
788
788
795
809
821
818
813
803
811
826
868
874
845
789
780
778
779
791
797
831
869
859
813
803
800
793
792
785
779
781
772
740
719
714
719
752
813
831
811
808
829
846
850
859
854
836
817
823
853
858
889
873
826
776
752
771
780
777
865
946
896
858
867
887
845
847
817
797
798
761
755
790
822
794
803
810
778
728
727
767
836
890
889
840
826
852
873
846
845
851
833
829
834
850
841
845
836
855
840
844
842
854
845
845
856
837
820
807
820
809
818
826
862
882
872
861
861
872
861
855
872
861
853
885
858
830
826
848
837
817
834
839
821
832
849
844
863
845
796
805
793
761
772
792
839
857
881
882
872
855
834
810
787
771
761
786
841
937
936
916
915
895
862
839
835
819
807
842
881
876
891
891
856
834
850
868
865
819
837
835
821
823
845
880
875
879
853
829
807
817
845
858
855
853
877
900
885
861
874
889
907
866
805
758
681
684
705
723
732
737
716
715
716
671
639
615
604
604
611
627
648
668
687
266
444
696
687
661
1310
654
652
667
691
716
719
711
697
684
673
685
1155
329
707
703
711
707
724
762
836
903
891
878
836
801
813
837
854
832
796
778
806
850
883
857
824
824
851
836
824
809
827
836
852
861
874
863
846
850
855
833
791
749
746
770
819
848
837
803
798
833
865
863
838
799
802
833
881
883
854
843
887
909
892
844
798
800
823
846
833
787
766
780
812
840
816
786
802
823
872
870
828
798
806
816
829
815
788
781
805
851
832
801
803
827
840
835
803
803
827
842
838
792
798
812
831
821
796
811
845
855
842
808
829
841
833
801
804
817
836
821
795
803
827
858
848
805
776
787
811
802
778
697
689
720
753
782
863
921
877
813
760
759
780
790
782
768
760
788
823
839
825
811
833
841
838
813
798
821
853
850
824
821
836
851
854
834
816
829
837
829
806
806
818
838
827
799
807
841
855
842
833
873
903
881
831
815
829
848
837
802
817
854
901
880
861
870
850
820
796
813
838
843
842
754
731
758
771
763
810
875
890
831
814
840
840
830
807
806
831
855
887
873
814
764
728
721
722
754
788
780
821
885
912
888
874
889
896
873
835
789
796
824
861
862
837
865
904
899
862
847
859
848
818
784
800
821
854
843
813
825
854
884
855
810
824
849
854
838
809
811
828
836
828
805
821
842
857
827
793
785
808
834
829
809
817
843
850
836
797
807
827
838
832
803
826
835
848
831
813
819
843
826
794
792
811
830
814
789
766
748
746
765
746
699
688
680
671
691
748
856
851
864
869
824
763
741
756
825
883
896
847
860
898