903
918
929
912
957
981
963
979
977
929
932
873
846
850
869
885
952
997
987
987
1012
946
937
867
795
843
875
948
1019
1066
1026
1000
945
858
800
797
805
859
880
873
932
959
979
973
972
945
871
897
901
911
896
951
985
952
994
979
939
882
871
877
890
963
996
995
1001
997
965
967
926
877
891
934
959
955
991
1003
966
974
956
931
886
925
973
962
972
1026
986
950
961
952
931
913
957
986
971
948
958
939
896
890
917
939
918
962
985
976
985
981
938
898
928
963
932
906
938
923
873
917
941
922
907
938
950
917
917
952
946
934
940
978
937
949
949
962
919
933
956
957
909
981
980
962
948
938
898
840
864
914
916
922
958
934
902
937
936
907
895
899
925
911
922
951
950
937
986
971
935
935
941
937
900
936
943
934
938
989
966
925
936
930
904
886
914
942
937
920
973
988
963
960
976
952
934
976
956
935
964
974
942
977
1001
983
954
1002
1005
959
984
980
948
967
976
962
953
976
1000
953
974
1007
975
978
999
981
970
978
970
952
959
967
925
946
965
947
978
988
978
945
960
938
915
933
967
968
951
986
980
935
963
971
956
940
946
900
881
928
934
888
916
976
949
917
908