945
985
916
888
903
878
901
887
866
917
926
893
829
481
1023
831
834
802
759
723
705
723
3526
936
830
805
929
999
933
1044
1045
1021
1065
987
932
872
857
893
872
800
821
867
905
966
1017
967
1006
972
939
983
1014
548
1328
1719
400
399
2591
1476
984
1967
738
1221
488
1266
638
566
497
653
329
494
738
414
322
495
742
457
1004
737
1542
3359
2406
4915
947
981
903
971
986
927
930
908
905
827
819
858
812
808
853
974
1013
986
990
1004
947
939
980
974
950
976
957
983
935
882
832
824
831
831
826
894
955
935
999
976
920
941
990
951
952
994
971
984
1010
931
939
971
945
943
974
923
893
953
947
919
922
896
881
939
957
914
939
972
933
955
967
941
960
981
949
990
1009
949
974
970
946
978
980
933
966
965
937
946
968
934
940
962
946
964
1001
959
941
991
969
929
998
1030
975
1021
936
902
916
881
858
891
911
881
891
947
927
917
944
927
902
940
979
914
932
935
912
930
959
937
949
961
938
935
977
937
940
972
933
931
980
947
936
1012
961
935
953
925
908
946
952
915
969
942
917
979
967
921
941
963
942
947
1000
1004
953
1008
966
942
1006
1011
955
967
933
949
970
897
891
915
951
925
918
962
950
930
981
937
870
884
884
916
918
945
958
921
935
953
935
959
1039
908
874