735
762
784
813
797
724
695
679
703
765
752
766
712
691
702
780
848
888
891
828
711
646
624
642
709
831
848
906
925
902
830
768
736
749
824
857
872
791
749
736
768
907
951
896
852
794
821
785
723
696
685
770
974
991
959
887
853
828
796
752
726
747
769
787
815
803
816
783
805
768
758
734
722
686
679
718
859
877
1737
1544
679
660
715
820
878
855
769
691
643
639
675
822
925
957
952
903
864
799
775
767
752
733
755
814
845
858
774
778
801
837
810
752
726
713
763
822
843
827
789
789
782
777
722
762
796
843
837
833
827
804
792
762
740
726
749
768
821
842
759
748
794
838
854
855
858
817
815
809
782
757
762
702
704
715
737
727
759
868
892
858
818
770
759
771
789
792
756
747
745
772
788
798
803
722
749
765
774
755
740
732
762
752
823
766
777
787
757
708
704
1435
771
760
696
738
789
835
748
688
695
695
707
750
749
734
714
684
629
626
643
715
841
855
890
910
914
877
862
863
818
782
710
680
673
672
694
727
697
718
710
758
797
703
753
995
949
911
792
728
765
808
835
812
788
831
836
822
844
810
785
791
793
867
956
923
923
849
800
755
733
723
725
746
735
699
677
655
637
679
1039
948
953
955
951
913
811
751
717
688
669
658
675
823
836
839
837
822
815
810
801
778
788
749
714
709
689
688
697
715
730
681
697
760
828
813
775
728
752
736
739
727
729
741
745
780
795
824
753
708
692
707
739
811
789
785
771
737
702
683
671
662
654
667
658
659
676
707
781
845
777
742
714
691
724
719
714
709
714
706
698
670
659
668
658
675
658
631
675
790
763
749
734
721
693
687
682
679
677
675
691
703
743
760
761
737
693
677
664
705
779
842
843
830
783
755
725
718
726
736
728
725
701
706
747
796
858
866
928
885
841
763
742
688
674
658
653
791
882
917
936
927
862
778
694
673
694
775
885
878
893
764
731
714
751
782
801
826
849
735
723
726
788
793
706
734
769
752
773
804
833
792
781
730
681
680
683
759
933
930
913
886
846
800
725
682
675
629
627
715
802
801
730
727
810
856
905
908
905
868
870
864
851
850
813
752
733
702
700
700
741
847
870
806
772
734
689
680
688
682
714
768
740
755
829
813
763
738
699
718
709
711
727
737
755
742
714
703
702
721
738
756
754
699
690
696
726
791
808
819
806
794
769
764
706
684
665
692
780
873
833
853
885
854
845
808
783
782
753
758
764
732
711
695
714
754
809
792
732
734
723
740
760
789
777
729
702
683
668
674
720
813
755
772
760
722
693
660
632
611
609
637
729
865
901
916
869
793
750
732
729
734
730
731
761
736
775
804
796
697
699
687
667
687
1019
967
945
896
895
884
822
753
724
699
695
698
686
684
729
800
810
876
819
787
753
752
757
783
803
811
760
732
714
732
775
829
782
781
789
765
729
716
706
706
725
692
654
647
674
753
865
843
792
825
772
736
720
692
683
688
708
729
755
731
735
729
763
715
746
813
886
846
798
788
733
710
755
839
859
839
811
805
742
740
739
779
764
803
781
793
821
803
777
721
705
733
811
857
854
797
748
755
767
783
750
712
725
752
796
870
814
800
803
799
745
741
742
720
729
745
824
830
798
781
765
799
807
749
715
759
761
716
670
676
738
724
723
800
848
840
784
733
710
721
760
806
796
779
767
798
850
862
880
793
729
741
784
787
821
788
753
742
773
835
823
825
773
751
733
755
825
897
869
839
830
794
783
732
701
665
628
624
707
977
997
979
986
894
756
694
722
877
915
859
789
809
873
883
873
742
705
724
774
914
918
895
843
762
755
792
854
855
817
793
738
787
973
907
863
785
895
931
914
871
852
785
755
780
858
898
922
978
973
977
947
836
815
881
856
850
813
761
804
949
993
955
851
753
750
782
832
903
836
802
777
864
923
826
729
684
642
618
627
687
912
981
933
808
714
691
745
934
931
854
733
690
693
726
817
797
763
762
791
842
791
743
768
815
887
855
749
711
720
839
856
842
781
868
952
917
835
764
775
863
916
905
854
872
904
795
726
704
762
1009
1019
973
898
799
737
690
693
781
951
949
914
793
688
647
670
703
843
953
936
908
786
708
696
722
772
886
891
804
722
732
773
842
867
887
892
794
715
676
675
729
778
897
916
936
915
848
770
731
761
901
918
942
897
802
725
718
721
772
806
772
777
817
924
916
791
723
712
713
749
819
799
753
805
845
837
848
740
682
643
638
643
685
835
942
973
926
825
738
729
763
814
859
817
739
771
816
785
813
832
909
965
896
804
809
907
855
795
719
725
749
834
718
673
723
775
1039
1012
981
923
860
760
692
676
713
917
974
952
958
919
825
757
727
766
908
969
968
934
883
843