858
975
945
981
999
965
911
844
787
779
763
822
857
875
814
781
802
736
809
790
782
748
781
718
733
713
709
766
705
730
735
833
823
746
762
799
752
721
696
692
739
827
773
835
729
753
789
741
751
835
865
908
854
790
899
933
936
925
957
1028
982
877
877
1000
1026
1025
990
895
841
831
840
825
914
858
736
729
688
672
678
697
771
747
750
707
796
774
797
778
780
806
881
959
937
961
1050
1017
934
890
924
1007
997
935
918
1005
1043
979
881
870
914
947
927
889
856
947
995
1002
931
891
942
1037
1057
968
898
882
930
944
913
851
821
822
1069
1089
1071
1020
947
921
989
974
943
925
860
867
999
1007
980
896
857
850
952
1000
971
921
889
930
980
995
960
896
851
820
874
984
975
957
888
853
851
972
990
957
904
863
852
943
966
964
907
896
884
914
1027
1005
967
803
740
712
690
680
690
854
723
740
708
825
903
834
790
877
893
855
832
775
767
832
875
876
896
853
819
817
816
737
766
723
699
698
705
691
683
712
822
707
694
679
661
646
637
637
639
631
635
674
740
812
926
905
903
898
879
877
984
996
1029
994
956
963
1020
1034
1011
965
1012
1049
1025
988
951
904
988
1021
987
920
891
870
897
926
920
907
860
843
850
944
976
967
898
861
870
906
905
871
847
847
856
941
930
896
859
810
802
821
850
963
974
926
858
761
762
864
860
921
872
1000
994
964
908
839
752
816
807
856
957
856
806