728
729
809
849
853
933
906
821
759
739
757
748
697
681
716
782
874
822
812
804
760
724
720
726
786
824
924
973
836
789
800
797
789
858
903
824
839
831
757
731
729
689
692
706
766
871
802
849
815
778
740
697
719
769
896
805
735
727
731
768
875
946
846
893
904
829
813
838
824
799
848
880
946
898
955
954
848
867
892
892
902
940
962
882
909
902
858
870
906
892
838
866
864
820
818
866
872
848
882
863
800
833
800
798
781
814
823
775
737
727
711
684
697
733
783
893
956
868
813
807
806
795
811
905
987
874
907
887
801
847
967
992
896
951
911
854
898
928
904
900
954
955
894
913
914
859
895
910
842
850
786
750
733
753
949
861
778
771
775
831
867
881
858
908
812
776
827
1030
902
854
870
851
827
809
851
923
882
1014
981
897
874
873
835
822
841
841
806
829
838
807
796
829
787
729
727
729
780
865
863
832
838
818
780
759
759
757
753
779
809
837
804
820
785
761
760
769
798
798
883
888
838
861
906
783
738
764
892
864
796
806
828
849
969
901
907
891
830
809
772
735
764
820
868
833
760
713
712
732
777
896
1025
903
879
884
880
849
912
884
813
794
841
895
860
858
930
849
766
753
783
860
966
950
854
879
872
854
887
909
924
893
908
899
841
891
921
883
917
842
843
843
820
765
806
850
862
840
880
935
878
860
870
914
885
949
940
935
871
889
906
893
894
931
914
885
895
873
854
813
836
805
765
776
823
888
894
821
765
774
812
842
833
1004
997
807
720
711
712
768
918
937
965
896
840
850
839
797
795
840
884
836
900
863
786
734
759
860
940
915
840
847
846
874
877
887
818
835
825
804
793
764
835
899
874
818
788
794
812
803
835
858
806
806
896
928
867
860
812
741
696
696
734
920