869
851
905
907
862
911
926
899
1017
1060
1017
1089
1019
961
1002
985
957
1028
1023
980
1003
977
975
937
893
914
903
942
980
913
951
924
892
877
840
835
755
748
739
715
685
694
700
724
735
724
697
687
680
682
691
731
833
854
792
766
726
741
689
668
661
690
1010
859
898
919
835
836
896
903
894
883
852
847
830
832
851
880
843
819
838
888
969
958
939
860
798
776
742
782
774
742
797
986
1064
973
920
888
897
864
849
845
811
838
878
907
859
786
815
803
769
749
767
785
915
835
840
787
791
817
853
852
866
843
854
868
827
853
865
874
856
878
868
827
804
833
879
845
883
904
875
840
850
793
813
807
764
698
705
790
982
911
965
915
872
888
877
852
813
771
763
740
731
749
844
899
820
780
854
866
979
977
896
870
903
883
835
874
926
865
868
901
905
869
928
916
873
895
908
934
880
934
912
873
908
954
952
915
973
992
913
935
966
952
865
920
906
847
871
872
821
823
826
834
780
811
871
842
842
894
888
815
867
844
830
808
769
756
776
761
749
771
835
888
851
898
890
849
806
757
730
729
754
787
753
814
849
920
864
862
850
805
817
877
864
838
818
842
896
843
830
850
896
840
905
938
875
931
929
889
901
958
920
845
870
833
808
833
847
838
803
835
795
769
771
767
856
961
854
851
874
846
811
820
839
804
794
863
931
909
967
955
911
950
944
897
938
921
898
947
971
925
921
958
928
879
908
887
860
906
918
864
899
922
888
857
890
921
889
899
919
939
888
900
892
863
868
910
938
896
918
902
858
853
873
854
831
863
852
844
852
902
925
862
862
856
847
830
869
865
846
893
926
921
868
909
918
898
872
902
896
856
744
1043
1060
1014
936
951
962
890
921
938
957
902
956
951
947
896
885
863
810
803
771
765
749
783
788
793
848
841
837
798
774
793
807
823
879
880
886
925
863
809
814
817
852
920
942
933
882
869
881
885
916
886
905
872
797
774
874
947
946
968
956
939
980
950
986
1008
942
964
967
937
965
936
903
880
889
889
864
741
681
670
683
754
778
790
745
792
818
766
730
704
676
655
637
626
625
647
717
767
723
701
694
682
677
669
658
652
663
696
738
824
875
936
860
902
837
894
1107
1116
1052
996
1046
1063
953
944
961
943
882
952
934
913
875
807
787
729
675
666
659
651
710
1024
983
919
874
791
701
688
673
716
826
1052
1077
940
866
899
900
824
789
736
719
803
904
1112
1063
919
911
917
929
896
857
883
885
836
856
913
909
867
927
929
890
890
909
940
907
929
941
907
877
924
925
894
876
912
903
845
866
878
854
822
867
853
826
886
941
883
941
920
854
867
845
837
826
864
873
851
900
881
847
828
884
918
855
862
890
895
872
901
891
844
889
909
895
832
850
854
868
845
866
872
853
860
962
903
890
874
814
786
790
772
756
774
863
861
828
849
851
830
826
860
838
807
854
876
838
841
925
899
833
850
854
815
802
822
828
799
822
865
854
812
825
850
816
793
762
705
710
777
835
874
794
726
688
689
720
743
840
885
895
811
822
815
805
821
822
828
796
804
843
904
848
887
906
876
869
935
923
849
889
887
834
872
961
955
895
998
1001
918
892
839
852
881
840
849
918
910
858
896
899
890
815
830
859
796
768
807
794
932
960
912
878
910
953
871
859
886
909
872
917
958
911
902
926
904
865
905
931
864
824
819
800
770
763
749
833
828
828
863
868
823
875
884
886
848
877
907
886
843
917
931
871
910
944
923
902
930
952
898
881
901
899
839
892
900
891
837
876
872
831
820
864
877
859
861
902
892
842
886
879
850
862
912
928
860
849
865
858
832
854
852
810
800
831
835
826
835
886
918
868
872
866
840
810
903
901
859
838
817
806
771
778
779
777
753
784
790
797
783
820
816
807
786
799
784
781
763
807
824
818
839
892
871
813
828
840
839
792
829
904
908
889
936
938
877
891
908
868
802
836
872
905
813
798
819
834
813
845
872
853
826
879
880
834
830
888
883
830
871
903
900
851
907
893
866
823
869
860
841
838
892
903
860
898
925
904
878
912
918
855
890
909
918
877
915
924
912
862
908
919
871
882
900
919
855
869
886
861
841
895
904
864
870
923
908
862
881
902
893
853
910
915
877
885
916
906
832
852
881
875
855
933
934
885
829
873
857
804
854
914
896
877
893
915
854
874
886
898
826
868
892
873
877
899
886
833
888
906
863
831
897
890
828
882
929
924
905
959
926
871
805