956
882
899
909
968
1028
967
992
1006
965
937
855
754
710
710
765
928
936
933
892
896
902
875
857
852
803
806
847
952
882
865
929
1068
963
980
963
975
905
947
980
963
1042
1043
1030
1066
1048
1074
1027
1061
1045
1037
998
992
1013
989
1025
1004
979
1032
977
988
976
939
1007
1038
1043
1081
1021
1051
1017
1053
1022
1014
1012
1024
1063
1018
1068
1026
1041
1019
1013
997
1021
1027
1047
996
970
1028
1054
1025
999
987
972
1012
1002
1032
1018
1023
1023
1026
1045
1049
1073
1023
1055
1018
1032
1033
1012
1030
1008
1052
1037
1038
1065
1058
1102
1061
1024
1015
976
976
1020
969
999
1006
1022
1044
1012
1063
1094
1085
1146
1083
1080
1087
1037
1034
1027
999
1039
1037
1054
1100
1044
1062
1068
1014
1034
1032
995
999
962
1009
1022
1029
1092
1072
1031
1039
1013
1017
1027
1021
1056
1085
1017
1042
1028
990
996
972
995
1044
994
1019
1012
999
1021
1015
1007
1006
989
1004
977
1036
1071
1034
1036
1032
1034
1063
1029
1077
1073
995
1012
996
1014
986
1084
1021
1012
1013
1059
1003
979
968
968
964
976
979
1155
1016
976
970
962
963
966
966
987
984
1125
986
988
956
955
952
950
948
958
959
957
960
953
944
944
941
938
944
943
953
960
964
1150
1014
992
961
974
968
964
961
965
952
956
960
983
1158
987
1006
967
941
955
967
955
955
962
964
962
964