1054
1051
1022
1046
1056
1010
1010
1021
973
978
917
939
938
947
920
964
1009
968
1001
976
975
1007
1010
1001
1027
1021
991
1032
1035
945
945
935
954
938
978
998
1003
1028
1039
1043
1038
934
956
953
965
959
902
958
950
972
974
973
980
968
960
951
932
947
988
986
1048
1054
1019
1074
1096
1052
1036
1041
1035
999
993
955
996
985
981
979
980
967
949
998
1019
990
1014
1032
1004
989
995
983
1024
1051
1047
1021
1017
1017
964
964
979
992
1000
976
968
989
979
985
998
999
1004
988
960
899
852
798
758
738
721
714
712
737
1046
1013
1068
1097
1127
1117
1095
985
1036
1065
1015
990
1027
1088
1096
1126
1121
1111
1114
1107
1078
1061
1017
990
968
955
924
976
943
959
976
1001
1027
1044
1058
1034
979
983
1010
1010
1029
1077
1061
1067
1080
1068
1062
1015
1054
1045
1051
1043
1009
942
962
963
986
1011
1044
1034
1063
1070
1060
1089
1069
1055
1056
1063
1037
1014
1014
1040
1046
983
1017
1030
1011
1011
1009
958
984
989
977
949
979
979
963
988
1008
1030
1008
1042
1031
992
1017
1026
1020
990
994
1008
930
936
937
940
938
933
962
971
988
972
1006
1029
1045
1031
1043
1043
1003
1010
1004
954
999
1007
971
995
1006
963
971
961
903
938
869
836
837
837
799
768
780
760
739
729
712
701
721
741
818
934
968
989
991
993
995
1027
1051
1082
1025
1045
1060
1065
1079
1100
1096
1071
1101
1025
1042
1012
944
961
952
941
908
923
990
945
1001
1016
1035
1011
1012
1000
980
928
945
955
953
999
1030
979
1009
964
947
941
943
897
887
889
873
863
861
860
903
1034
989
971
995
1021
1007
992
1009
1014
1006
1038
1029
976
1014
993
997
980
1009
987
938
990
959
977
984
988
957
967
964
958
949
905
924
883
921
924
910
933
945
962
963
968
959
933
930
938
907
938
926
937
975
990
995
981
969
925
938
919
912
907
825
807
783
759
740
737
729
719
718
719
815
940
1042
1082
1081
1026
970
962
938
877
872
801
813
854
1089
983
937
998
1049
1052
1083
1058
1081
1087
1102
1087
1081
1042
1030
1013
1018
1007
998
946
957
963
980
1009
1032
1030
1067
1041
1017
992
998
1009
1016
983
977
973
966
977
1005
1001
994
997
996
969
963
908
937
934
934
897
939
962
979
987
961
986
988
988
962
972
966
957
1017
1043
1051
1031
1063
1071
1046
1007
1051
1054
1029
1025
1026
990
1018
1003
1001
994
1010
1006
996
1026
1021
998
941
961
944
927
978
995
1015
972
1035
1031
1025
1008
977
991
974
967
893
929
943
944
934
975
1011
1003
1012
1000
1007
1013
1026
1010
1048
1060
1050
1024
1049
1047
1008
1034
983
1035
1048
1003
1036
1043
1010
1022
1036
1010
1030
1055
1006
992
998
946
947
948
954
959
932
978
968
939
957
954
930
896
917
914
909
930
952
955
953
974
921
922
923
904
834
837
810
768
754
741
731
724
727
739
764
781
784
771
775
786
842
898
923
866
804
798
863
950
1108
1011
1016
1018
972
974
982
981
999
1029
991
1023
1029
1043
1010
1033
1024
924
970
978
988
978
987
1019
1026
999
1040
1055
1077
1021
1052
1059
1040
1024
1075
1055
1006
1042
1074
1052
1011
1045
1058
1014
1054
1053
994
1000
1000
1024
985
1035
1042
1039
1025
1031
997
973
1011
1015
999
1007
1033
1034
994
1021
991
979
952
984
983
979
1004
1037
1064
1029
1067
1082
1026
1048
1056
1038
1025
1063
1040
1007
1034
1032
1034
985
1021
1040
1003
1041
1044
1024
1011
1064
1077
1044
1060
1042
1017
1042
1056
1050
1088
1130
1069
1092
1090
1064
1039
1068
1055
1030
1073
1065
1035
1051
1085
1073
1062
1077
1066
1029
1070
1079
1041
1090
1107
1086
1115
1120
1088
1115
1107
1077
1057
1077
1094
1053
1073
1103
1060
1079
1088
1065
1032
1070
1080
1054
1067
1050
1040
1014
1063
1075
1038
1046
1052
1014
1038
1059
1021
1042
1028
1017
1049
1028
996
1038
1044
1020
1061
1043
947
932
927
825
788
757
741
734
736
749
825
956
1021
963
1006
1010
1030
1007
1036
1039
1053
1021
1055
1060
1045
1041
1050
1041
1033
1025
1036
991
1040
1075
1071
1057
1080
1081
1053
1077
1095
1054
1071
1072
1035
961
967
856
846
835
994
1180
1087
1053
1048
1061
1040
1060
1002