736
771
807
765
760
785
812
762
740
727
723
711
704
729
745
741
743
769
792
771
767
770
789
769
760
767
791
759
785
826
945
1025
957
860
836
768
769
767
767
768
836
849
812
844
867
805
822
816
783
766
792
801
784
769
790
816
841
775
797
781
746
747
763
777
749
783
795
774
748
788
833
859
801
806
776
782
736
729
731
747
748
765
810
854
797
809
819
826
789
802
849
908
854
815
827
846
815
839
818
793
791
761
763
823
880
881
896
943
952
968
809
781
780
795
780
799
839
893
817
853
856
813
800
830
853
800
774
790
804
794
802
756
778
795
785
764
790
799
781
840
790
760
718
685
697
771
1107
976
904
827
836
784
785
789
757
766
773
804
780
811
837
854
805
826
823
797
757
771
784
783
745
755
758
767
750
759
749
740
715
729
741
772
761
786
786
767
758
771
782
777
763
783
784
746
754
753
759
723
737
747
762
744
764
799
778
765
764
771
753
751
747
774
735
745
757
757
757
779
787
748
732
744
761
736
745
771
775
743
768
781
766
733
732
733
711
707
721
748
738
764
789
776
763
780
784
756
762
780
790
750
732
712
695
668
657
663
674
708
718
705
722
739
731
713
734
750
756
734
745
745
755
741
765
798
805
782
835
896
824
799
797
810
771
771
797
827
783
774
794
799
760
741
781
842
847
804
845
840
778
743
746
740
726
744
792
937
808
770
709
723
695
658
666
648
649
636
652
648
639
634
646
637
627
620
612
604
601
583
599
618
696
851
779
782
744
716
707
725
710
754
789
776
756
765
746
757
788
820
792
733
729
722
742
780
807
839
816
778
758
718
714
725
772
766
741
717
711
711
729
740
741
684
672
645
633
620
612
607
605
604
608
601
599
595
596
589
584
580
586
588
585
581
580
583
591
604
664
662
652
643
670
725
784
818
751
729
696
676
656
639
620
611
605
605
612
698
953
945
924
912
844
818
785
760
705
698
699
715
732
783
782
771
796
790
766
726
716
691
694
688
682
696
701
697
704
687
697
698
688
667
639
626
612
600
597
594
601
604
589
584
585
582
596
650
688
734
791
748
707
702
731
775
857
842
800
761
679
654
644
644
705
1302
1085
1024
952
832
780
785
797
818
800
782
724
669
666
659
646
657
761
811
834
805
745
723
673
646
630
626
622
648
716
839
886
911
911
854
747
716
714
716
733
699
688
659
642
638
641
725
805
831
760
746
766
781
804
775
741
694
670
664
654
664
672
701
717
714
714
697
706
729
786
839
818
772
683
679
690
658
661
670
678
664
633
643
706
812
928
893
917
899
869
828
784
726
710
682
672
659
632
630
629
655
688
1002
918
885
821
745
721
730
736
736
732
713
693
654
646
642
641
627
631
653
661
639
648
706
758
861
843
813
743
698
688
701
705
726
746
716
662
653
646
658
671
786
885
803
754
736
768
796
841
812
799
780
726
686
704
712
729
768
789
780
762
743
762
779
819
825
788
736
725
719
719
705
701
698
686
688
675
672
674
701
736
783
832
780
746
734
739
736
729
707
665
655
664
649
646
664
681
694
764
790
865
863
778
723
689
678
692
683
701
702
709
697
684
672
646
660
637
653
692
722
740
704
679
663
681
740
861
847
823
746
723
718
731
729
721
714
669
677
646
630
619
610
601
609
653
702
696
703
695
690
680
666
660
622
619
639
660
702
752
766
714
691
684
712
769
854
849
774
735
716
726
736
773
791
799
787
767
750
728
703
694
641
644
663
642
649
666
666
692
670
639
639
639
659
663
705
728
753
753
752
749
758
777
799
826
909
881
784
727
726
918
1096
985
957
911
828
782
744
753
759
785
801
750
745
781
800
876
851
842
801
773
742
717
728
720
762
836
829
766
723
757
737
761
818
841
834
827
791
778
759
765
743
714
697
726
1105
953
937
924
812
750
713
658
648
667
678
724
1084
1037
931
850
794
779
821
880
885
874
799
769
795
805
848
854
824
793
771
804
832
908
873
827
802
848
838
863
857
847
841
803
791
811
835
895
931
853
792
766
776
809
858
882
839
800
765
746
746
724
751
797
816
798
774
763
718
692
683
720
803
897
931
839
759
731
729
741
710
686
689
714
758
813
867
841
837
808
784
778
778
774
777
799
813
810
781
760
761
816
854
914
887
820
759
743
693
666
657
629
611
600
594
595
629
692
874
896
828
734
705
718
788
898
986
931
852
774
725
676
718
1124
934
899
895
873
857
850
793
755
742
738
978
1064
1020
944
853
809
805
866
893
882
833
787
777
799
856
920
922
889
813
802
841
829
834
842
854
835
816
830
801
774
771
765
733
723
714
729
784
3290
759
750
767
752
755
739
712
679
708
823
1000
926
833
797
747
673
661
654
656
667
665
670
678
708
729
735
720
665
648
626
613
600
589
587
600
651
854
950
899
931
932
898
842
770
751
727
752
781
792
814
777
811
848
784
722
700
683
678
697
727
772
778
755
771
741
728
749
751
740
735
729
739
703
670
664
675
720
768
842
828
785
733
711
697
710
729
763
821
871
866
854
838
822
802
785
781
772
820
803
777
818
825
842
793
781
791
795
754
763
788
804
772
821
800
758
762
799
803
744
740
752
749
730
748
776
805
766
780
807
785
745
746
733
734
718
723
744
748
732
778
792
783
751
783
800
745
737
747
755
715
719
743
771
739
785
812
815
797
826
805
765
779
809
805
768
754
752
705
695
692
696
677
724
805
814
861
879
783
762
755
745
703
684
695
742
789
797
877
928
808
799
799
813
799
859
914
853
852
861
875
815
845
830
794
778
803
809
769
775
774
781
768
806
793
754
764
753
749
742
798
837
794
793
795
779
747
775
787
775
777
817
820
767
761
765
776
725
721
741
802
774
729
696
717
793
867
810
782
780
782
746
745
770
840
805
813
840
902
820
791
786
799
768
790
824
813
797
860
898
838
796
801
778
762
766
805
842
793
830
846
810
771
793
780
751
756
778
777
743
764
768
749
729
732
722
694
708
710
692
670
659
672
693
740
776
771
754
792
807
783
743
759
765
770
747
806
821
786
785
804
833
784
800
811
795
791
821
845
795
800
806
802
763
792
822
795
785
803
796
757
781
782
773
757
806
839
803
797
812
804
754
776
769
804
787
824
845
855
799
784
796
794
753
729
727
722
705
714
731
759
766
750
761
766
754
731
741
752
771
748