1061
1003
993
1021
987
1020
945
958
986
984
1070
1098
1055
1096
1144
1137
1070
1101
1077
1068
1038
1036
1077
1055
1034
1048
1085
1049
1002
983
1023
1042
969
921
931
1037
1025
975
940
1013
1058
1018
1025
1081
1045
987
976
1047
1066
1020
990
1021
1064
1055
1030
1069
1158
1107
1078
1073
1118
1096
1099
1127
1123
1062
1038
1048
1085
1048
1003
1102
1074
1006
987
1021
1011
1049
1087
1026
1058
1077
1023
1015
1052
984
929
936
982
942
953
992
1091
1091
1063
1083
1132
1060
1028
1087
1091
1030
1027
1063
1058
986
982
1026
913
847
867
1085
996
990
1121
1111
1093
1064
1083
1070
1005
999
1037
1038
959
957
944
939
899
938
1017
1007
970
1059
1098
1023
1040
1086
1043
990
1025
1049
993
915
1007
1032
981
1021
991
957
977
1065
1073
1020
1083
1052
1003
992
1056
1091
1015
996
1086
1103
1026
990
1059
1063
1003
962
997
1020
963
973
1029
1013
881
768
810
917
1245
1186
1109
1097
1100
1077
1032
981
1044
1030
1058
1079
1090
1006
1022
1091
1064
1037
1090
1056
1001
1084
1080
1009
1075
1085
1058
1013
996
1038
1017
992
975
1024
985
980
965
1036
1075
1023
1113
1113
1053
1104
1050
980
947
833
799
835
1178
1128
1068
1075
1053
995
917
972
1063
1033
966
1034
1017
938
913
1001
1070
926
961
949
868
958
954
1010
996
950
856
790
870
970
839
893
1124
354
263
730
698
691
696
677
706
725
731
740
780
786
755
706
736
797
788
741
705
686
763
899
964
949
867
817
858
929
911
862
778
780
775
912
1066
1082
1053
930
825
773
812
1084
1062
1027
992
922
811
776
825
876
896
932
877
810
848
1074
1063
1063
976
882
860
931
934
978
961
930
906
930
979
982
871
890
944
1011
1003
963
875
905
919
969
911
814
753
755
836
968
847
854
901
1064
1064
900
793
747
731
722
819
375
379
702
1144
863
655
1302
657
665
692
771
1489
790
775
840
903
905
826
747
713
696
760
887
1087
1048
1016
972
860
795
776
783
738
705
705
725
765
1084
1128
1070
1074
1028
966
806
733
704
718
794
1246
1147
1102
1079
1019
914
814
775
760
803
1076
1142
1042
1061
1040
976
865
781
746
736
833
1110
1146
1064
1048
957
858
767
736
731
738
920
1229
1186
1101
1042
986
906
789
743
718
722
814
1034
1081
1067
1022
975
845
768
725
714
720
857
1124
1118
1097
1007
944
809
734
703
690
697
828
1082
1079
1051
996
972
873
772
729
700
688
712
832
984
1004
983
947
917
792
729
695
679
675
729
938
1091
1080
1036
969
885
771
724
700
692
722
808
981
1061
1007
966
899
815
734
691
673
657
676
832
1079
1073
1065
1039
936
790
725
702
701
721
820
989
1002
967
853
778
736
709
691
687
691
809
971
1051
923
934
884
776
722
692
681
682
767
1147
1100
1076
1039
977
863
768
724
711
738
937
1119
1093
1085
1018
971
841
760
728
720
801
1132
1131
1083
1000
944
824
753
721
709
719
774
1013
1052
1078
1055
1001
848
749
717
700
732
865
1125
1042
1044
991
886
769
722
704
712
801
1027
1072
1063
975
845
743
723
698
691
705
841
1040
1049
1046
973
884
779
720
694
683
694
794
1084
1093
1068
1048
927
778
729
715
746
928
1084
1133
1073
963
813
729
698
695
733
890
829
813
782
774
924
1146
969
819
773
805
1023
1051
1067
958
869
787
741
710
703
758
1149
1192
1164
1001
838
750
721
702
698
785
1176
1134
1070
1044
955
793
729
713
729
826
1057
1095
1057
980
866
761
726
713
732
861
1163
1116
1057
1017
913
787
736
716
758
854
1074
1113
1087
997
839
770
747
745
848
1015
1063
1071
1024
898
781
732
715
735
821
984
1075
1059
997
854
760
718
705
731
868
1123
1065
1061
1002
841
758
732
733
799
1020
1041
1021
983
859
754
710
688
681
666
650
660
1238
1117
1081
966
895
774
787
923
1067
1033
950
803
753
728
704
702
747
872
1059
1046
1004
946
838
842
973
1035
1087
1061
1028
957
815
740
720
752
912
1216
1170
1142
974
800
752
768
918
1146
1127
1063
943
824
742
707
694
744
1001
1148
1119
1080
1012
868
760
736
816
1051
1027
1021
918
820
769
739
720
713
721
708
698
374
963
656
650
646
630
624
643
640
654
690
700
708
796
921
1031
999
974
1008
1027
1062
954
896
919
1003
1006
967
1026
1063
1053
1013
988
1112
1073
986
995
980
1004
975
931
1010
1017
1010
942
983
986
983
996
1030
1037
1017
974
934
984
1006
1020
1015
1020
1057
998
952
964
1015
1001
1013
1084
1065
974
952
982
992
920
939
1039
1009
946
882
851
879
790
794
870
1097
1141
1073
1024
1061
989
985
1011
1141
1086
1027
1012
999
1076
1061
1164
1036
972
1044
1069
1021
1081
1096
1059
981
1004
1012
1011
1033
1096
1118
1065
1123
1082
1033
1080
1034
982
1032
1012
968
974
1025
1048
1019
1017
1016
975
983
971
1034
1080
1022
1080
1077
1018
1048
1111
1074
960
966
986
970
955
1037
1158
1134
1105
1042
948
1004
1052
1081
1054
1065
995
932
908
887
953
966
1022
1036
1042
1051
1035
1018
1002
990
973
998
975
979
956
935
1012
1040
1022
1047
1025
948
903
979
998
990
1100
1070
996
980
986
970
978
970
958
992
975
921
852
876
903
912
856
950
1059
1030
1021
1091
1107
1044
1019
1082
1107
1040
1053
1055
1086
1021
1060
1028
1027
1017
1032
1007
926
954
986
954
975
1072
1053
1020
1070
1057
982
982
1038
1029
999
1038
1082
1077
1054
983
944
978
964
961
1059
957
834
771
832
1195
1153
1111
1146
1143
1010
930
935
828
806
875
1323
1200
1232
1195
1137
1015
1036
1021
1049
1148
1196
1110
1203
1150
1123
1128
1108
997
1040
1073
1034
1046
951
962
927
863
945
1070
1084
1084
1034
1037
1067
982
1091