797
878
839
892
930
855
873
795
743
769
837
912
888
920
939
839
760
742
779
852
937
929
981
983
896
816
834
869
877
858
859
889
836
775
746
790
869
969
909
900
907
886
789
747
743
793
866
898
933
926
920
852
782
741
708
688
682
726
768
845
844
790
752
816
856
902
914
906
803
763
810
869
903
904
914
937
913
896
818
769
741
825
909
980
978
955
936
911
879
820
762
750
793
868
972
974
942
948
926
882
795
748
737
765
866
941
938
924
911
885
915
880
806
764
749
799
914
963
962
979
954
998
916
805
753
739
798
863
898
870
877
848
778
755
754
835
893
903
914
905
877
806
755
732
768
854
929
896
896
893
812
764
771
833
922
894
905
894
833
808
800
861
923
918
961
903
909
896
815
776
758
877
953
908
901
878
818
758
731
731
819
954
938
928
936
894
806
771
804
864
900
874
908
885
804
766
783
859
906
907
888
904
841
784
774
866
900
891
902
845
778
757
794
892
905
885
900
861
788
758
804
850
852
854
845
840
790
760
775
833
925
892
879
871
813
761
744
798
868
915
920
841
768
753
821
873
873
867
877
816
766
754
810
881
883
884
870
791
747
767
819
884
882
881
896
863
795
749
789
856
896
913
900
903
847
782
765
825
878
877
890
878
813
764
787
838
900
890
894
848
793
811
911
986
938
923
859
807
865
852
751
705
771
820
858
767
800
792
773
716
700
722
784
838
785
716
732
718
742
723
755
775
768
642
657
860
685
704
707
1363
672
673
659
1294
631
1275
616
604
596
586
593
643
685
731
740
734
688
449
943
709
488
443
497
691
706
675
670
718
761
751
713
677
665
671
635
630
623
658
718
783
849
883
873
864
764
730
722
734
785
888
934
917
922
921
852
853
839
777
830
866
836
803
864
898
863
875
865
849
757
718
712
732
899
961
943
938
914
890
856
835
769
744
739
746
725
799
898
975
965
955
943
934
823
770
734
728
767
857
951
976
963
970
906
821
755
719
711
754
834
928
964
960
934
942
889
795
753
738
736
830
897
975
986
991
973
916
831
782
748
735
746
866
925
955
955
955
958
890
822
758
728
716
732
829
964
985
965
972
978
969
916
818
767
750
741
759
760
795
868
962
991
986
967
945
938
849
782
748
730
732
762
824
914
947
958
971
944
930
936
874
811
751
735
727
727
746
805
893
947
957
974
966
955
943
932
899
861
779
741
728
726
724
753
819
874
960
979
994
983
952
920
846
785
743
717
714
729
804
906
959
961
956
939
926
917
803
739
709
694
714
764
870
943
947
962
970
960
914
819
762
728
709
736
828
957
1000
978
978
961
950
929
843
780
729
711
701
687
747
842
905
933
971
973
984
977
941
859
782
731
711
707
736
787
898
961
1015
1017
996
983
948
844
770
730
708
706
742
846
922
984
1011
999
1007
979
915
845
774
737
723
745
837
900
949
966
966
957
966
911
823
765
731
738
783
853
970
994
993
982
951
937
889
795
728
708
738
828
939
993
1006
996
969
943
876
812
760
738
737
754
792
907
979
994
971
942
880
762
719
695
680
668
668
685
727
799
897
963
984
978
950
922
884
808
737
698
688
694
811
877
985
1028
1033
1012
996
937
821
748
714
712
735
814
951
1011
1021
974
941
851
747
741
732
705
694
706
760
827
939
972
970
963
938
893
800
746
721
714
733
825
917
969
962
970
979
950
910
810
760
730
722
720
766
862
988
1002
1001
999
978
950
909
787
718
694
697
763
880
956
1017
1013
1015
961
899
790
723
700
694
740
986
1010
982
957
932
915
828
763
732
725
729
797
897
971
1003
1004
979
966
889
805
737
713
708
746
831
933
982
974
985
967
946
852
781
746
727
724
758
838
916
973
985
970
954
904
894
827
765
729
708
702
753
858
951
971
975
973
962
938
836
736
704
677
659
672
725
868
915
958
938
915
828
756
727
723
729
810
910
979
984
974
977
865
771
732
712
720
742
846
943
987
1009
996
1000
954
834
754
717
709
737
849
928
944
961
943
934
896
811
743
717
708
771
839
934
983
996
984
954
911
862
808
820
842
849
883
863
833
864
881
886
894
829
805
767
701
1317
678
694
729
715
688
693
711
584
832
688
691
688
648
628
606
606
606
605
611
610
615
615
620
624
637
656
633
629
644
701
712
700
724
693
711
747
756
757
760
763
741
705
695
669
662
660
647
634
623
618
622
631
623
612
609
611
654
723
758
780
791
780
791
780
799
790
755
724
717
708
720
773
875
936
918
890
856
855
868
869
837
780
753
739
748
815
919
921
922
940
880
805
745
682
688
728
717
703
698
702
680
687
755
807
856
854
840
865
866
840
837
823
813
774
747
728
747
838
894
889
899
897
895
898
896
832
779
756
808
902
909
922
923
920
896
813
777
754
798
893
952
956
935
925
911
851
788
756
765
855
972
989
963
942
948
924
907
890
918
897
836
813
777
770
790
874
918
954
936
900
876
874
865
869
863
839
797
750
741
821
920
913
914
901
881
825
787
749
802
860
917
937
930
918
838
788
773
844
896
939
933
967
951
864
802
782
846
899
934
933
857
800
792
832
876
899
889
872
871
822
777
817
896
919
933
940
885
877
884
895
893
894
897
889
875
833
792
785
856
895
896
876
810
770
798
860
867
876
828
819
795
791
796
803
801
794
801
762
718
742
776
790
759
720
742
794
756
735
735
812
877
881
887
891
901
908
911
858
783
738
771
846
910
928
900
824
790
833
866
885
896
899
900
911
859
896
893
889
831
785
796
857
925
853
880
875
889
828
777
790
859
895
877
853
878
873
855
793
771
840
915
900
903
803
781
820
804
802
802
779
759
822
898
887
915
902
849
800
792
874
911
886
847
863
841
796
761
723
798
859
847
835
861
864
917
899
835
850
812
754
722
744
783
834
877
834
894
956
978