744
740
710
707
721
749
847
889
838
822
860
896
897
834
853
829
804
786
840
913
886
876
893
916
887
845
855
861
833
817
882
930
916
855
853
878
883
909
871
801
813
820
832
827
872
922
881
914
860
884
891
854
825
842
839
857
868
823
775
814
861
938
917
789
769
752
730
704
688
736
734
761
796
782
765
751
759
824
1023
1008
974
1036
1017
917
868
934
1001
969
1000
1079
1089
1003
984
985
995
948
945
1065
1101
1024
1000
976
970
944
884
972
1014
1039
1019
1032
997
984
896
915
917
907
896
977
1055
1044
1021
902
973
975
982
919
896
939
966
877
947
962
949
883
936
947
942
932
937
1018
1021
1005
1104
978
874
919
929
892
836
970
1063
1121
1064
984
961
893
892
989
997
1051
953
871
918
841
784
791
844
960
861
893
887
870
878
828
872
881
829
855
852
829
909
965
944
953
891
978
1005
981
966
880
936
965
1004
1054
1022
1028
1067
931
948
940
990
1014
1019
976
1085
987
941
923
912
936
899
946
1015
955
967
936
884
880
867
919
897
890
930
912
979
1037
1011
1010
997
1021
995
1036
1074
988
1013
937
835
883
896
872
973
1069
1128
1081
1001
982
853
831
829
831
780
785
849
1248
1131
1075
1082
1000
1037
987
881
918
925
954
1062
1044
1063
1073
1000
989
914
883
1014
1042
921
949
860
846
894
974
1066
997
1033
966
852
1544
735
780
752
738
710
702
697
691
681
674
668
679
701
715
754
757
750
728
744
774
804
787
791
797
797
840
866
898
911
935
900
830
788
766
779
887
1090
1071
988
862
817
796
791
872
1009
1102
975
867
813
784
774
836
960
1109
1136
1044
930
842
813
878
981
1027
1005
906
849
821
813
898
1067
1064
1001
844
790
763
755
780
939
1118
1093
1036
912
850
819
818
899
1108
1113
1070
981
832
783
766
769
818
1061
1123
1086
978
845
784
764
758
756
839
1207
1135
1073
906
814
782
800
1106
1168
1124
1095
954
839
792
758
773
767
756
739
727
725
786
1061
1014
959
1073
1061
1069
1057
916
805
765
762
923
1217
1141
1096
1021
910
856
838
961
1146
1098
1056
990
847
821
804
793
902
1151
1113
1085
973
803
781
787
801
896
1077
1051
939
844
791
762
748
776
759
1249
1169
1083
1013
890
833
804
813
1274
1168
1079
1033
924
896
837
848
1142
1165
1072
1014
936
865
813
796
877
1078
1079
1043
989
874
808
789
820
949
1154
1090
1034
936
871
832
882
1157
1145
1094
1034
939
848
819
853
1214
1108
1061
1004
937
863
866
961
1202
1151
1074
965
826
772
751
748
830
1257
1176
1142
1103
1064
897
806
782
833
1218
1184
1133
1101
932
811
777
820
1251
1196
1146
1080
938
827
803
872
1225
1159
1103
1082
985
867
813
834
1107
1139
1107
1073
961
855
804
798
945
1166
1124
1071
993
899
832
802
881
1013
1108
1088
1032
936
855
821
877
1115
1117
1063
1014
904
847
812
808
942
1212
1170
1094
1005
883
814
793
838
1025
1126
1112
983
799
772
767
803
909
1017
921
864
809
772
750
737
757
732
811
1152
1085
1044
957
865
829
842
1006
1106
1088
1067
988
889
845
827
860
822
808
766
727
707
694
697
1354
1256
1156
1153
1123
1065
931
831
894
1149
1135
1144
1051
884
794
770
804
1290
1196
1097
1025
924
835
797
848
1216
1156
1108
1047
930
831
799
803
938
1158
1073
917
818
757
750
746
759
1275
1188
1159
1012
876
837
780
777
1005
1206
1172
1115
988
862
821
829
1099
1187
1110
1052
958
890
826
808
938
1176
1127
1065
976
854
803
788
897
1211
1159
1087
982
862
790
756
763
775
813
858
906
892
808
776
762
760
791
1128
1112
1049
980
821
774
754
753
828
1223
1135
1063
1008
910
849
812
814
1201
1153
1122
1048
979
884
842
809
890
1198
1125
1085
1000
874
852
794
790
825
1105
1005
983
923
836
787
760
775
946
1254
1129
1062
989
880
803
771
760
760
740
729
730
812
1025
979
920
821
803
1019
1175
1121
1046
977
889
870
837
940
1074
1090
1055
1013
960
870
866
882
838
796
864
766
824
902
937
866
806
522
943
793
772
767
766
794
820
805
865
902
888
900
1040
1000
947
945
982
984
1021
1023
931
921
970
1011
852
799
827
859
957
1009
1063
986
889
826
858
823
799
842
899
915
892
945
962
952
964
894
848
896
915
876
865
972
1063
975
937
984
955
902
880
896
906
954
905
865
971
1011
1015
994
973
900
952
910
875
833
908
984
917
897
952
933
859
898
916
883
807
806
785
790
850
882
845
856
913
971
1001
1029
977
887
932
911
921
882
914
914
930
880
881
914
878
817
776
770
750
789
878
1006
1007
962
885
899
893
896
867
828
823
834
824
813
836
863
830
778
810
837
862
938
926
858
922
929
893
852
879
891
934
872
846
846
826
818
777
789
814
882
924
929
934
919
867
883
887
883
855
853
883
913
872
894
912
960
877
947
906
929
878
857
825
800
843
866
901
860
805
778
765
801
859
960
928
881
928
992
955
893
967
884
825
846
923
1054
1095
1043
995
995
953
933
943
852
888
866
853
910
919
899
906
902
877
811
791
827
876
958
950
925
894
859
869
876
855
837
864
892
939
875
939
877
867
921
954
1041
1021
954
855
878
851
934
962
953
915
932
903
909
890
829
783
805
875
947
915
985
1057
1052
983
854
885
866
856
813
938
1054
1080
1089
1051
1094
988
862
905
945
997
1114
1026
992
1100
1062
1026
1006
957
842
814
818
844
1022
988
1021
928
1006
979
1120
1121
1155
1075
1026
1176
1159
1038
1164
1146
1101
1108
983
908
926
885
931
960
953
907
931
979
1142
1133
1004
875
816
826
1347