897
880
866
851
900
863
843
779
821
993
1021
924
946
937
914
892
860
776
775
849
838
853
826
1077
1044
1013
972
935
913
872
796
771
777
785
795
750
773
937
961
892
757
719
749
893
803
826
1013
1030
951
896
900
865
851
852
873
868
911
963
1004
961
981
960
917
848
873
859
759
734
789
1155
982
931
896
877
803
731
721
803
1025
1038
963
936
938
921
904
888
878
836
757
716
720
759
1039
989
935
972
985
1028
913
870
895
905
821
846
906
862
896
957
969
890
907
881
797
726
688
771
992
802
689
721
664
646
616
604
620
776
813
889
923
923
968
942
921
907
903
949
1006
1025
1005
965
930
909
870
861
901
989
1032
982
964
1001
879
901
935
942
928
896
801
761
780
1008
1099
1019
951
837
734
681
655
640
994
965
980
962
923
820
771
983
1107
990
967
980
920
920
799
721
700
941
1055
998
961
947
937
857
854
799
889
1035
1033
982
911
926
927
892
872
721
705
757
1141
937
943
940
916
858
864
837
798
749
747
827
986
950
837
743
712
674
708
776
825
938
1014
959
830
808
851
840
926
851
739
723
823
1168
1056
878
755
775
797
792
846
842
832
812
814
704
662
688
648
630
640
688
677
679
1021
976
973
938
876
781
684
649
662
739
837
768
743
860
1063
1018
956
925
898
826
824
960
1120
1032
1003
931
844
876
986
1024
945
984
1040
997
929
851
809
877
1078
1042
971
903
841
724
676
686
693
1253
993
1046
1011
984
920
834
764
721
740
814
864
756
745
859
891
866
752
725
732
979
971
756
785
1066
1083
1032
986
928
945
949
1001
1002
1007
1013
978
879
884
875
1002
904
845
876
922
955
951
936
880
895
927
930
905
842
874
910
905
935
918
878
839
823
867
938
954
926
906
884
778
733
813
1071
1047
995
936
954
866
792
720
775
1009
962
998
895
882
854
764
715
712
755
874
904
855
798
752
674
652
653
706
1097
1022
896
872
907
904
813
715
729
919
970
976
1016
942
950
905
948
1042
892
896
956
924
886
942
935
825
876
908
901
795
717
770
1025
804
833
974