731
818
861
763
767
761
742
715
759
806
855
863
769
719
676
699
723
694
762
774
712
737
674
647
607
599
612
629
620
606
641
618
621
651
642
612
619
594
582
586
594
624
699
697
627
617
658
883
845
735
662
708
875
974
879
787
811
865
702
641
667
799
890
897
1055
936
860
876
881
903
798
758
757
708
720
739
809
815
735
688
726
676
692
709
689
643
618
610
615
763
797
747
849
827
1104
849
735
761
923
1003
959
841
785
782
985
991
990
894
833
872
961
995
941
865
804
800
933
962
842
702
671
724
751
752
732
721
697
691
661
636
654
642
610
613
643
715
764
820
797
692
660
644
664
844
793
713
648
643
632
628
610
668
695
669
677
868
969
952
825
767
852
932
912
813
854
837
881
796
757
805
897
890
769
757
776
769
744
1034
831
862
794
751
805
904
763
688
661
938
927
845
871
891
845
736
740
891
945
861
787
827
846
800
750
798
838
853
757
763
753
683
691
783
760
808
934
880
771
971
825
832
793
813
863
887
847
817
862
892
878
848
823
865
871
840
778
791
825
851
791
797
842
866
869
803
824
782
803
929
662
627
687
949
1066
933
876
804
807
774
860
860
771
754
729
671
680
896
1014
895
948
800
775
803
754
720
787
841
835
860
930
856
830
858
868
866
806
833
822
762
781
783
775
761
754
771
917
782
755
771
785
745
754
801
818
737
681
662
643
667
724
673
748
838
774
1012
850
870
851
751
713
737
811
786
833
927
930
811
816
865
811
754
745
653
672
1029
863
835
865
866
790
844
881
876
824
850
871
869
820
847
892
871
851