745
773
731
733
745
732
725
759
748
692
682
690
657
674
649
656
669
642
632
632
631
639
657
725
863
857
824
765
694
680
676
711
779
813
764
732
721
727
794
866
833
757
734
754
804
852
825
752
734
715
722
728
776
909
923
865
835
733
693
683
722
766
814
971
942
865
808
841
890
900
843
809
882
890
873
828
822
905
918
888
838
803
827
855
873
823
781
777
820
820
813
777
775
790
866
913
903
836
789
820
878
882
854
812
844
852
861
854
804
797
826
877
905
858
807
790
853
886
842
804
782
796
857
886
876
844
872
881
856
803
783
778
837
916
908
860
811
820
851
879
834
798
780
777
842
884
876
840
797
770
801
869
863
830
803
783
763
730
729
854
956
942
905
866
813
787
770
858
937
947
920
889
835
876
912
903
864
833
809
796
874
946
913
855
810
803
887
919
918
867
823
826
896
923
881
857
808
819
907
960
936
897
842
825
810
828
791
844
802
808
832
828
793
724
688
674
665
665
690
763
840
902
884
845
771
737
734
804
878
838
820
794
767
761
803
823
748
703
693
722
749
788
795
805
789
800
774
771
792
809
832
854
792
760
737
737
824
948
932
893
841
777
751
751
804
877
946
942
900
847
805
850
899
898
869
824
784
765
799
919
971
957
917
820
770
786
880
966
982
932
863
804
844
907
929
938
911
871
815
852
949
964
949
912
881
914
938
930
888
839
811
852
907
931
909
867
816
774
781
755
761
785