884
895
885
926
934
932
865
885
846
832
807
826
827
833
854
863
865
816
818
842
844
851
857
846
823
806
794
780
759
786
731
794
827
889
885
848
912
898
893
857
837
842
799
812
796
796
803
847
847
882
869
864
813
824
777
772
743
737
718
700
706
697
695
685
718
716
811
828
847
816
861
852
850
837
811
802
784
803
781
783
835
843
853
840
880
891
854
860
879
903
913
920
912
903
886
880
876
849
854
842
862
825
869
868
878
893
874
850
803
766
746
737
766
838
854
816
863
854
896
896
894
878
856
890
810
847
844
843
833
839
827
807
790
770
746
832
819
835
847
849
833
833
791
819
785