581
586
601
584
575
583
610
626
614
592
593
615
630
613
600
615
650
729
699
654
651
719
729
665
617
610
610
621
613
614
631
610
600
612
657
720
685
634
619
651
707
728
677
641
620
617
662
802
827
814
714
663
655
702
790
799
745
686
663
716
803
845
770
694
664
722
791
834
760
697
671
717
813
876
793
718
688
721
804
861
819
715
672
677
753
876
862
754
702
727
836
901
853
755
734
804
876
920
817
729
724
764
836
840
745
706
759
850
854
761
720
756
813
846
776
706
682
714
802
866
800
730
755
827
878
804
726
701
738
805
850
793
729
702
749
837
859
785
715
709
749
812
827
748
695
708
786
828
802
724
675
687
766
834
826
759
693
691
760
849
833
758
701
736
811
870
816
727
693
709
793
883
860
759
714
759
840
864
782
710
689
751
874
890
789
731
816
883
896
794
724
752
849
891
840
731
718
789
866
859
753
716
752
794
827
741
696
699
776
855
873
773
706
708
762
822
850
771
705
698
768
850
867
765
703
717
799
870
864
741
688
699
758
819
818
729
695
703
790
871
889
793
709
682
688
730
775
788
723
669
657
706
783
813
756
688
667
699
734
749
739
681
651
646
700
786
852
786
713
690
714
785
826
775
707
659
646
683
772
832
814
722
684
687
747
822
842
787
707
659
642
664
729
776
800
727
668
663
719
796
818
726
683
690
717
720
722
661
631
616
636
718
776
713
661
636
637
680
727
719
713
662
627
607
606
646
704
714
692
647
623
611
627
678
717
722
669
625
604
608
664
738
759
703
653
639
645
655
662
669
649
624
619
657
739
743
694
636
610
606
632