988
940
1009
1087
1056
1030
982
868
919
899
860
960
1175
1210
1135
1048
940
1068
1054
992
1006
969
1044
1025
1052
1099
1042
881
815
1104
920
923
937
979
1088
1031
1104
1041
865
795
723
720
713
793
1083
979
821
806
1034
909
927
1019
1056
966
979
867
870
838
787
863
873
938
913
1001
1153
1021
1150
1109
1055
1227
1086
1083
959
937
1179
1011
911
900
925
1060
927
1028
1193
1098
1115
1122
946
892
954
1318
1229
1048
952
926
865
1339
1098
1159
1224
1194
1050
1118
1198
1129
1063
1281
1168
1154
1151
1121
1100
1082
1123
1150
1007
1135
1137
999
1207
1102
901
993
944
892
1025
1173
1197
1057
1059
1225
1062
1118
1106
1013
1066
1128
1050
1145
1164
1061
1091
982
1070
1201
1039
1131
1187
1060
1172
1131
1120
1176
1101
1166
1064
1105
1155
1042
1219
1129
1013
873
1035
925
1000
1231
1084
1157
1177
1046
1174
1222
1101
1098
1068
1157
1215
1077
1083
1193
1081
1138
1123
1056
1068
905
884
863
862
1238
979
1068
1181
1012
1075
1091
1087
1151
1027
1183
1148
1010
1093
1239
1070
1116
1058
1002
1110
1164
1117
1137
1021
1080
1127
1159
944
802
1221
1015
1281
1086
1071
1156
1176
1236
1103
1111
1228
1048
1141
1174
1085
1145
1155
1131
1146
1034
1147
1179
1111
1161
1028
1177
1177
1023
1094
1027
1134
1196
1010
1101
1179
1067
1127
1123
1127
1110
1020
1252
1046
1095
1120
1158
1219
1082
1115
1135