820
805
828
877
893
840
877
795
741
783
779
841
856
827
820
792
674
706
686
658
652
617
603
748
787
809
780
797
1115
874
815
712
678
687
774
914
809
806
857
953
860
910
933
933
877
876
880
877
776
788
768
773
725
755
782
801
1090
962
983
839
839
908
851
812
823
809
754
820
824
763
787
809
750
663
695
709
1117
870
780
677
677
719
853
779
705
739
816
926
940
907
860
707
688
800
858
844
811
788
792
925
954
904
883
876
766
772
798
737
692
710
684
686
694
1049
875
838
744
698
698
660
655
660
680
764
953
958
736
681
680
679
691
633
619
623
685
997
832
797
1024
801
806
780
759
761
811
931
940
882
833
789
783
777
751
703
708
696
687
674
654
1043
835
726
854
798
808
768
773
838
844
786
784
802
757
693
711
805
853
777
881
980
953
755
714
740
771
797
766
693
673
731
979
980
914
890
819
820
830
738
720
762
762
1048
789
806
772
778
816
875
816
862
849
865
818
736
754
807
821
847
781
751
790
837
793
814
869
795
824
856
726
669
641
645
743
764
1076
771
869
862
735
746
776
866
899
864
733
737
751
790
895
962
830
832
897
764
721
745
750
1050
788
806
761
765
797
872
816
859
879
869
817
722
698
697
738
808
750
745
757
680
692
691
742
763
760
760
699
710
763
772
759
724
729
723
759
805
867
755
796
833
759
783
836
811
900
927
854
831
870
903
908
850
782
776
719
708
777
861
768
789
895
877
830
777
671
652
629
675
923
909
770
766
775
785
794
785
794
742
697
661
676
741
814
763
731
804
985
929
776
778
788
747
1086
813
700
636
613
645
717
711
761
879
817
867
848
777
771
776
746
715
706
1114
726
948
896
905
860
805
783
818
780
1068
889
845
810
827
735
767
896
952
848
909
924
782
737
763
731
694
691
705
1007
675
656
656
706
720
691
760
855
844
782
831
754
668
654
620
624
603
605
593
604
595
581
591
588
588
585
580
581
581
589
606
633
665
654
628
635
628
638
628
651
652
664
641
623
620
655
727
716
708
734
770
840
759
732
726
771
767
723
679
684
723
713
712
660
647
631
624
650
687
670
709
816
844
719
689
720
770
699
685
701
776
825
854
766
739
722
693
729
773
825
845
781
729
689
679
680
736
758
678
664
650
636
642
653
675
739
825
801
716
707
717
773
766
708
721
682
659
636
614
642
648
696
691
710
750
788
702
724
771
798
755
751
781
817
730
739
739
729
687
730
745
712
712
769
823
848
756
680
689
726
750
760
784
847
821
744
703
706
749
676
659
639
633
693
707
725
763
822
893
833
749
744
731
722
686
673
704
703
666
726
822
849
754
746
808
839
776
704
725
792
899
769
756
814
851
783
818
878
795
813
810
704
689
718
714
782
830
833
729
753
762
787
845
774
741
765
797
733
763
757
815
900
896
776
707
668
647
627
625
653
656
713
772
833
884
873
777
761
768
754
704
726
769
758
737
696
721
791
810
772
738
753
731
764
821
805
717
747
854
891
766
742
741
741
713
666
672
654
632
637
632
640
652
652
640
634
648
670
664
693
718
674
714
706
724
731
685
655
649
715
742
832
863
855
846
793
710
724
732
712
717
707
709
767
883
919
761
732
771
803
783
861
880
761
753
781
889
669
688
699
754
939
1009
811
822
1035
752
729
715
674
677
850
842
819
927
990
783
791
1100
757
686
678
678
692
659
691
807
848
805
784
823
869
743
754
825
743
729
856
927
813
733
812
819
681
1000
859
806
708
658
633
668
797
710
804
1105
1047
1003
899
999
980
915
914
922
896
855
876
781
712
660
663
761
837
816
922
979
918
835
816
793
788
744
789
904
945
860
860
871
823
748
747
777
844
832
723
739
713
670
646
640
674
736
766
753
808
879
821
728
781
833
875
780
807
888
918
777
756
801
800
745
854
924
963
863
772
756
823
855
777
715
738
1114
893
792
758
806
858
800
806
849
851
756
749
760
692
691
709
689
646
627
624
634
716
688
739
808
820
755
802
845
791
713
764
809
802
720
742
744
1059
754
763
814
763
705
791
966
840
732
746
720
1049
878
852
791
713
749
728
692
669
658
734
840
771
775
901
878
733
737
818
923
791
746
798
907
834
772
826
925
846
855
909
867
785
771
813
761
726
823
867
752
777
783
716
735
1085
755
728
762
820
732
747
826
894
774
794
923
941
803
824
819
822
731
744
750
783
751
1093
938
876
766
770
770
718
732
788
824
815
740
773
838
790
722
743
795
760
703
735
775
704
686
747
848
843
736
729
748
706
680
693
723
729
690
749
810
878
759
750
751
757
694
720
733
711
657
626
633
704
904
784
777
991
797
713
771
838
802
718
725
777
781
727
802
864
745
741
842
926
939
925
941
931
821
818
859
791
719
1019
790
739
690
734
850
814
784
883
876
716
687
718
738
741
1085
680
709
740
716
798
876
732
687
724
750
1042
810
866
868
750
743
785
846
785
743
731
731
745
1026
829
853
798
753
854
880
778
753
783
784
1024
783
766
703
714
763
874
799
837
893
844
768
778
719
666
657
681
708
709
688
743
760
715
728
779
840
795
738
770
847
784
711
759
786
763
736
799
813
759
717
730
764
752
732
832
835
809
724
765
816
837
712
736
787
852
734
717
774
871
792
769
794
805
750
781
811
786
720
771
822
810
744
740
730
688
647
657
697
754
769