753
760
794
837
899
869
835
811
758
768
748
761
763
750
784
796
790
812
789
791
794
809
809
805
766
767
751
730
702
717
766
808
827
834
831
822
765
774
750
778
852
909
935
841
900
904
875
857
869
913
854
845
838
853
876
886
861
909
889
850
864
887
912
896
884
854
827
833
809
808
820
907
919
909
858
847
825
803
825
816
804
855
914
920
854
890
855
853
811
853
876
875
880
873
844
813
802
789
755
772
844
903
884
829
854
809
816
825
819
894
886
918
936
884
885
875
875
866
844
827
864
896
830
865
862
876
861
859
855
800
799
802
808
827
860
896
908
875
843
821
802
787
800
799
824
794
754
756
815
876
896
902
874
860
835
806
809
808
826
823
811
830
838
813
805
795
795
786
782
788
764
792
801
803
813
804
774
774
749
746
734
729
743
747
753
778
781
776
737
749
742
750
758
756
785
780
780
758
761
768
786
790
778
800
795
770
780
775
788
786
780
760
740
734
708
720
730
772
810
832
827
857
846
817
810
764
770
772
796
842
823
792
807
785
757
761
788
817
800
808
791
810
801
799
751
759
755
757
759
758
753
747
756
752
748
698
726
737
781
905
918
908
854
864
806
812
800
770
796
780
792
795
786
798
769
773
771
759
781
781
798
786
812
831
778
798
786
786
795
811
818
815
836
834
809
767
787
758
743
735
806
895
1014
977
926
861
824
815
779
777
800
809
817
768
789
766
762
756
742
749
749
767
763
749
720
729
746
779
756
798
834
896
856
842
803
763
766
789
779
750
776
802
821
815
848
858
837
849
843
862
826
852
867
852
842
843
853
828
838
844
829
812
841
888
827
864
877
896
877
841
851
781
757
741
774
812
810
790
807
806
780
811
813
814
860
889
872
865
887
851
881
864
889
876
878
853
841
841
819
838
855
861
877
882
878
848
862
847
862
864
887
873
870
837
831
789
811
827
823
859
873
914
869
881
865
851
848
870
927
931
874
902
907
848
874
895
893
894
923
921
846
851
852
854
837
827
788
776
760
763
807
819
836
812
857
847
837
824
826
818
800
769
789
791
818
820
783
804
810
841
847
834
869
830
868
860
849
836
820
806
780
790
797
803
762
795
822
836
886
879
822
834
817
792
826
833
862
890
895
860
856
807
757
786
818
874
892
902
927
885
892
881
863
862
839
813
804
775
790
810
832
883
947
968
926
891
796
799
780
800
801
858
831
850
821
769
729
719
726
744
813
761
770
768
764
757
760
765
747
759
758
753
746
719
733
734
731
731
734
754
746
788
798
814
803
768
779
779
775
775
773
743
766
768
773
767
805
821
841
849
826
836
808
775
780
756
781
776
787
826
837
818
837
825
806
794
774
774
767
746
786
773
743
777
785
777
811
820
790
788
813
826
823
862
884
878
882
868
839
842
829
851
861
888
884
823
833
811
822
834
847
852
857
832
818
816
821
850
870
814
796
808
839
844
826
841
822
814
809
788
772
774
792
800
862
873
834
766
798
790
819
856
842
905
909
907
898
878
858
856
838
765
742
758
775
728
748
746
768
750
734
737
764
739
763
875
838
794
831
908
880
928
938
914
922
954
962
917
966
1003
960
961
971
958
961
970
946
935
952
925
926
933
901
910
912
940
945
927
993
1121
972
966
950
937
1007
1155
1015
1029
1002
1021
1228
1058
985
989
975
941
1004
1039
1004
985
1021
1026
1007
1000
1006
979
983
1006
978
980
987
966
993
983
955
994
990
978
986
952
981
984
949
997
992
969
1009
980
986
994
959
988
997
967
974
972
952
924
964
980
950
936
1003
1043
1170
1006
974
1014
1018
1018
978
977
1018
1038
1023
990
995
1002
1019
979
926
929
953
945
948
922
932
966
976
944
944
997
1021
1181
1003
957
982
1002
1017
958
994
1041
1039
1022
971
998
1008
1002
945
979
1004
1004
960
968
1004
1023
1143
1000
938
970
1000
1177
1139
1040
1040
1020
1017
1063
1017
977
966
960
918
978
1016
1140
971
979
1000
1143
991
916
946
963
976
958
920
960
995
1000
1007
939
954
984
986
984
954
927
968
978
976
979
939
952
979
985
994
979
946
981
994
995
988
943
935
979
982
996
991
932
962
971
978
976
977
934
961
987
984
983
986
944
962
968
976
983
935
966
982
982
982
960
959
955
916
868
809
840
955
1020
964
944
994
993
993
952
971
966
994
1101
1036
1230
1083
1067
1008
967
985
967
961