812
759
761
745
738
763
761
744
766
776
754
752
776
783
771
794
804
760
764
777
806
843
878
824
794
830
769
847
1062
1032
965
907
910
950
824
810
964
1058
991
1043
1085
972
974
1025
1174
1030
1022
969
1019
1120
993
1021
1000
947
1000
997
958
1030
1006
973
1022
993
973
1005
985
966
1006
993
991
1038
1012
1010
1157
1028
910
854
860
817
1123
1080
1018
1023
986
942
862
882
991
1098
1000
979
1019
1065
992
1023
1066
1185
1041
1052
1063
1052
995
1034
1049
1040
998
1044
1035
986
1005
1027
1017
984
1037
1043
995
1047
1052
982
1021
1028
990
1022
1034
1004
962
1011
1019
1039
1068
999
1051
1009
874
880
890
903
883
953
1005
968
1021
1018
958
964
1021
1063
964
988
1119
1047
1009
1095
1119
1011
1111
1120
1028
1051
1053
985
1038
1042
1090
1064
1056
1005
1006
1010
1050
932
934
1023
1056
948
910
927
894
872
867
971
1071
1040
963
920
999
1056
1057
1015
964
992
1075
1063
1032
1075
1040
955
1059
1044
970
923
1126
1075
982
987
983
961
896
942
1030
970
1031
1017
1097
1021
968
917
932
924
1133
1025
979
993
1021
1021
968
989
986
949
991
992
960
997
991
957
1001
996
955
987
966
932
986
981
955
840
889
957
979
929
888
911
941
986
978
963
979
913
889
906
948
901
916
962
996
964
1016
1011
943
938
933
915
1060
1120
978
965
995
1001
954
1060
906