604
611
720
828
813
813
778
730
738
747
757
746
660
652
650
684
689
655
633
625
617
609
623
622
636
644
643
639
650
504
721
607
598
608
623
613
615
633
674
688
692
640
631
639
641
635
647
679
703
689
657
627
602
591
582
594
642
789
786
675
647
672
729
743
746
748
734
677
649
637
643
708
916
920
877
863
784
699
664
661
706
848
879
850
854
815
730
682
680
737
864
869
822
754
710
736
811
868
870
841
760
695
675
677
773
906
889
911
891
800
739
744
779
848
849
826
806
741
701
688
739
861
873
847
821
829
813
715
714
767
844
821
729
754
777
848
844
764
730
715
771
859
871
839
814
816
761
717
690
712
818
883
854
854
792
736
730
781
842
813
831
771
694
653
644
629
626
644
830
869
853
849
844
751
683
680
729
850
845
832
792
723
678
678
722
832
866
846
837
752
704
728
783
763
706
739
801
814
743
718
753
778
818
784
712
716
763
777
776
796
757
694
664
677
759
845
829
810
803
784
726
683
696
771
841
815
812
818
752
703
676
692
825
917
847
811
820
761
700
682
717
811
859
866
845
773
710
724
793
807
792
795
759
701
671
680
748
856
857
859
796
717
699
733
796
805
812
814
751
702
713
771
833
825
826
813
740
695
731
796
825
833
771
702
708
760
832
831
796
722
707
771
866
864
829
760
720
753
816
840
838
835
801
730
702
719
797
843
844
836
793
731
698
722
814
854
826
811
825
775
719
689
696
786
879
861
821
812
792
734
693
704
773
834
826
830
780
710
692
730
838
862
864
805
740
747
791
836
807
829
786
738
730
752
705