748
786
796
818
835
838
763
775
753
687
650
658
660
634
666
678
693
639
673
704
711
667
640
620
658
744
826
846
858
828
738
687
726
818
852
825
777
744
690
699
823
850
852
856
824
756
770
825
863
878
847
788
763
756
812
865
875
883
843
772
743
734
799
845
869
852
799
745
729
781
862
863
818
755
747
788
783
866
858
801
755
728
728
772
855
858
851
838
798
758
731
744
800
885
910
896
908
822
762
726
721
833
915
931
902
914
851
772
731
722
824
956
926
936
937
908
885
815
753
721
718
839
965
954
946
953
944
917
920
869
884
866
862
863
835
783
748
749
832
911
892
806
761
778
857
881
851
881
800
743
739
814
937
916
888
859
782
726
689
734
855
923
912
898
838
752
692
693
787
950
971
956
925
896
799
714
677
688
763
919
931
913
897
830
741
691
697
725
811
908
947
955
884
833
759
726
699
703
763
883
990
849
804
813
861
926
933
791
750
763
805
802
829
810
771
709
762
863
874
880
887
849
766
687
704
808
947
934
959
938
940
914
853
789
780
842
933
938
930
922
866
803
765
754
852
914
935
913
921
842
777
761
777
846
906
909
895
861
794
751
732
787
880
874
905
930
855
764
729
736
758
814
882
912
895
848
779
750
802
896
919
919
924
930
854
777
710
734
854
896
919
917
912
890
890
834
769
768
791
856
882
898
910
909
883
795
739
738
828
875
876
871
889
897
854
774
736
764
853
892
895
917
952
968
939
811
786
754