677
698
694
706
704
703
684
665
651
634
611
607
613
621
648
714
773
757
775
759
737
729
717
678
675
648
650
654
668
682
680
680
685
669
650
639
630
637
671
769
780
780
811
810
787
758
728
699
677
669
644
639
634
650
667
706
711
663
639
664
689
728
758
760
747
723
712
695
683
649
662
671
775
743
749
749
757
713
688
678
666
668
655
655
668
689
707
699
717
741
748
753
738
747
777
812
748
726
654
663
652
658
665
670
679
671
659
649
652
662
663
660
662
656
653
648
638
625
606
601
611
644
734
709
781
790
737
741
734
716
676
668
672
676
698
688
700
811
942
890
814
819
815
818
801
767
760
749
736
709
722
715
769
839
792
764
765
749
808
731
737
723
718
703
681
651
660
649
657
676
710
705
736
744
787
802
728
675
667
656
657
665
671
700
709
729
738
714
683
690
712
743
722
730
765
782
733
751
730
716
708
667
676
676
687
693
701
717
728
684
699
708
727
724
753
735
758
755
705
690
669
639
629
636
628
634
620
635
667
701
729
677
691
706
734
786
807
775
795
837
822
786
777
794
800
780
782
857
850
789
804
792
763
725
751
771
768
772
836
831
786
839
784
725
764
775
787
752
764
759
745
720
755
779
771
746
785
710
756
760
742
700
711
713
727
709
747
782
820
748
788
765
716
659
663
682
698
652
687
688
660
681
687
688
655
687
687
681
688
678
691
709
743
716
681
733
727
751
758
751
729
716
677
663
643
638
644
655
645
679
695
729
754
753
735
729
672
653
654
651
671
665
664
654
651
638
629
617
622
638
670
700
726
738
789
800
721
732
728
710
697
694
699
696
685
671
653
640
640
637
642
650
655
659
702
760