800
741
799
878
883
894
868
729
696
630
631
611
702
799
760
701
693
655
645
687
753
778
686
655
661
643
687
711
721
650
703
691
710
711
688
666
623
625
637
683
765
817
771
735
651
655
641
653
666
652
642
628
600
599
622
666
660
732
787
787
784
772
732
746
734
672
685
662
642
650
683
768
726
691
647
657
655
684
743
760
705
729
664
680
736
825
794
755
659
670
610
623
630
697
718
671
738
664
752
707
781
785
824
830
792
758
729
726
713
681
736
807
827
787
873
929
868
761
756
746
748
781
771
766
719
727
684
684
723
735
772
769
725
756
720
684
695
699
719
665
702
767
858
803
769
787
820
840
779
678
682
668
730
965
905
834
877
758
824
771
789
788
794
795
818
730
739
827
889
785
846
857
741
768
771
716
728
758
747
699
772
789
738
730
802
746
696
690
692
699
661
681
651
638
606
645
701
718
642
646
650
655
655
631
601
594
591
586
577
564
568
565
576
624
654
634
625
653
659
752
747
850
825
745
750
716
750
732
756
670
645
646
662
816
891
866
838
804
692
690
654
648
661
673
661
665
755
831
739
846
877
737
753
716
795
862
832
770
716
650
631
643
711
720
743
735
799
816
844
822
774
707
713
750
771
729
874
825
761
805
800
746
780
876
777
778
829
762
778
795
712
736
681
690
656
636
633
627
619
639
632
609
620
621
644
623
674
653
662
674
658
625
610
619
623
639
661
670
650
663
690
645
641
619
599
622
729
669
733
715
722
696
680
677
692
660
704
699
706
733
680
650
656
644
629
631
670
735
831
834
778
727
716
657
671
688
983
905
730
726
719
680
630
615
710
941
864
832
787
741
744
735
757
874
891
891
816
861
819
757
735
757
797
802
800
777
837
896
864
773
729
695
700
689
775
834
849
802
783
849
892
871
841
780
714
690
701
707
717
782
951
917
810
711
680
710
743
746
736
721
775
708
679
651
665
688
719
724
733
723
725
798
793
753
758
784
756
704
705
707
755
768
717
702
730
768
776
712
741
746
742
726
737
732
743
781
767
750
767
764
708
800
707
750
684
743
681
748
797
770
778
730
729
690
674
656
643
642
637
621
621
634
635
661
753
805
757
704
705
751
773
725
689
688
699
667
654
677
792
954
838
810
832
738
729
727
798
814
718
774
813
748
757
752
721
683
715
763
798
886
920
718
743
716
677
700
721
745
757
692
658
670
701
779
825
781
760
727
695
679
660
675
699
711
722
724
736
711
732
806
828
733
782
679
677
686
703
676
672
670
660
742
747
683
701
715
711
687
749
813
732
744
771
774
776
780
706
706
780
920
890
854
855
797
783
783
752
717
676
656
674
720
671
681
719
760
737
744
830
813
786
740
727
737
744
750
810
804
721
664
662
668
735
797
745
716
688
642
684
674
719
720
707
683
631
634
620
656
733
741
682
718
819
870
879
825
777
715
722
736
754
702
744
706
804
887
917
776
818
786
688
719
671
727
774
744
894
820
754
720
722
734
689
701
759
795
781
804
761
670
672
655
668
668
661
637
633
632
618
615
606
619
636
680
714
710
679
663
659
668
676
678
685
725
722
689
700
675
673
677
651
630
634
652
667
654
674
686
661
627
627
647
687
691
667
667
658
613
627
639
671
758
755
727
785
854
850
781
734
723
675
692
746
797
748
700
674
646
644
646
660
707
718
742
717
665
648
653
653
734
761
799
810
854
850
890
825
795
735
702
688
647
621
604
618
854
774
730
672
638
640
623
607
595
572
571
557
571
591
638
646
669
733
822
796
813
880
837
884
797
770
794
962
980
1006
966
875
894
729
676
694
884
979
922
839
865
898
904
806
788
818
913
946
896
921
857
800
821
931
985
903
858
855
913
926
861
816
869
938
930
819
786
792
896
1004
948
882
906
929
842
791
765
849
977
975
856
835
871
859
788
804
852
788
753
835
896
815
760
766
796
818
753
705
767
796
748
728
756
815
780
728
766
821
779
715
782
828
820
761
744
783
807
763
690
688
675
723
871
799
734
758
854
797
723
729
777
778
756
790
891
813
772
849
896
776
747
774
852
857
781
875
938
832
757
812
850
802
753
827
863
790
747
743
870
1019
946
801
794
880
879
850
813
864
979
896
804
783
838
888
809
769
802
877
864
777
783
835
816
755
777
838
801
744
759
789
776
705
754
772
771
730
731
813
768
713
752
789
841
747
674
687
656
616
682
816
741
805
903
806
736
768
782
729
736
797
888
755
785
854
799
772
899
879
757
808
910
809
759
818
957
801
781
879
1000
850
815
920
977
882
841
958
971
912
854
866
950
880
813
816
943
970
826
805
866
854
780
828
900
807
804
889
851
779
826
861
786
728
837
877
786
911
933
824
885
964
853
798
902
982
906
977
928
837
946
975
851
846
1032
900
759
857
747
740
771
907
964
797
723
782
815
917
830
729
832
832
766
719
806
821
789
791
862
844
771
835
863
763
811
849
759
705
738
782
880
727
696
712