595
573
561
556
552
550
549
557
560
572
579
602
606
688
800
822
801
648
805
612
666
899
864
964
988
962
966
961
906
881
873
854
827
863
925
934
863
819
825
840
880
909
926
938
936
902
881
858
857
880
915
941
1026
994
919
834
795
832
979
995
926
931
909
863
788
759
801
918
938
909
913
911
867
817
793
796
849
953
890
867
891
878
837
795
771
782
873
897
895
888
863
868
797
780
769
784
756
784
812
847
809
772
682
686
958
878
873
875
862
836
781
718
662
835
915
909
909
879
857
818
782
741
754
806
861
876
892
884
849
813
777
780
826
864
871
860
867
843
810
797
781
766
778
860
950
942
916
865
838
805
786
766
776
850
887
899
909
902
858
816
795
795
838
871
853
864
853
835
808
704
843
797
902
948
927
914
863
808
768
748
744
781
902
940
880
930
878
859
832
685
922
858
871
882
813
730
719
682
691
786
841
794
769
784
848
871
863
862
843
802
790
680
810
787
918
936
915
953
913
836
799
793
830
892
957
893
866
841
826
813
833
850
865
882
879
865
854
831
816
673
879
771
792
912
859
863
862
858
861
812
812
666
662
675
914
828
821
744
687
674
637
664
649
644
605
600
606
652
619
625
627
588
602
588
599
708
643
646
655
672
684
666
648
647
684
731
705
661
637
635
657
666
673
656
639
624
629
630
679
665