777
780
796
813
837
860
861
831
835
853
842
813
805
821
827
816
799
813
834
835
805
785
767
740
693
668
660
648
646
645
642
635
635
645
652
661
671
690
715
747
756
756
777
793
795
777
787
803
806
800
755
698
714
749
746
771
845
854
817
828
876
862
825
808
803
806
779
765
753
750
747
766
801
813
812
838
860
828
788
789
774
733
705
709
725
757
800
804
808
830
853
835
814
773
754
771
768
763
757
769
786
789
778
800
814
811
787
782
799
788
771
771
786
804
792
773
798
816
810
791
773
777
794
788
768
759
769
765
748
730
739
765
806
840
831
855
858
843
819
789
805
841
843
856
841
813
805
812
817
817
805
803
806
804
786
793
805
805
794
804
811
812
802
818
822
822
799
805
822
831
833
832
845
837
849
815
813
813
824
817
821
817
813
797
808
836
845
846
805
816
846
868
857
845
761
750
791
833
816
847
884
878
841
845
842
847
820
827
840
835
811
789
791
802
809
801
803
820
829
809
812
819
825
816
791
799
813
812
795
781
794
803
801
788
807
810
801
795
810
820
815
792
802
810
816
801
818
829
809
801
801
808
804
785
794
809
809
786
795
805
795
777
767
775
779
775
760
783
806
823
805
797
812
820
817
806
819
844
831
809
812
838
831
807
811
794
778
749
694
691
721
754
791
858
860
855
815
796
813
813
810
783
796
818
829
816
822
844
844
790
750
752
779
813
814
838
867
863
854
857
855
829
807
816
817
813
783
803