704
706
719
747
797
797
797
745
700
670
671
657
659
664
671
669
686
723
783
742
714
710
741
703
685
713
715
716
692
687
673
655
646
618
638
622
635
698
750
762
781
825
851
777
769
746
775
781
726
734
729
746
727
726
729
755
730
689
670
678
668
663
689
695
772
829
813
825
798
816
790
772
863
906
903
939
907
907
770
825
842
890
872
861
799
729
709
716
704
704
675
700
783
742
789
854
893
888
822
794
739
760
801
860
828
831
853
880
945
992
959
927
894
850
767
726
709
700
705
767
772
872
910
844
868
846
853
813
776
734
764
756
766
852
867
863
817
777
763
783
751
755
724
737
727
792
910
891
841
800
792
784
769
750
829
862
846
809
795
769
780
852
909
862
872
859
800
755
740
823
906
940
928
982
976
935
950
953
919
892
875
817
789
789
781
745
690
686
669
661
641
632
630
604
616
604
602
604
603
606
608
621
631
641
604
615
610
616
627
647
658
665
679
688
696
710
666
661
643
649
656
680
657
668
665
671
673
656
655
651
662
692
669
684
679
670
672
684
698
682
660
662
679
692
675
669
688
701
702
703
699
722
726
675
669
635
637
647
673
679
712
722
729
716
747
752
719
734
684
704
718
730
692
703
727
757
754
726
720
708
703
720
731
753
724
754
733
700
664
638
630
623
624
633
653
676
684
682
710
761
701
694
716
689
687
673
695
700
682
698
672
676
707
743
710
712
692
682
678
660
671
654
647
659
654
669
660
694
730
732
681
642
634
699
681
653
635
620
639
672
724
767
811
836
816
752
736
742
778
751
736
882
903
942
935
896
855
810
768
734
773
802
817
872
896
909
841
801
842
838
848
822
944
983
917
844
868
872
905
904
867
807
735
791
911
946
913
876
811
802
886
954
975
928
953
914
879
850
799
756
714
693
707
692
729
754
771
742
712
725
697
659
637
639
667
743
714
679
704
767
811
767
831
783
716
734
744
709
753
841
901
813
827
791
748
734
751
787
844
749
746
758
808
738
777
810
823
794
781
692
715
762
815
872
852
800
777
739
682
694
755
834
840
832
823
780
791
831
827
801
755
730
741
785
837
880
827
837
804
732
759
767
784
750
778
762
726
765
843
850
787
817
825
813
799
855
836
793
754
731
785
832
856
822
804
782
737
726
706
681
659
658
688
795
864
903
854
806
766
702
669
655
675
690
769
906
904
829
853
785
703
736
746
725
749
763
813
810
896
808
777
711
694
697
675
701
723
708
754
746
719
718
760
765
691
732
756
838
874
891
881
855
824
819
783
802
871
901
909
859
855
901
927
911
889
810
804
822
864
775
721
715
688
678
661
670
682
683
688
670
683
689
673
678
692
715
713
749
749
766
725
708
666
681
697
721
693
735
736
704
722
688
699
700
708
687
695
665
686
666
663
675
694
682
704
720
738
698
716
701
686
687
660
673
687
717
731
706
710
711
677
681
685
676
681
685
698
701
679
699
703
731
731
687
690
682
656
661
671
658
664
679
689
672
687
722
688
701
744
719
702
706
682
714
728
699
713
720
729
725
736
733
700
722
734
725
709
710
708
723
701
709
684
669
694
691
695
724
740
756
741
738
714
713
723
725
698
711
708
705
760
752
763
719
736
746
724
762
736
776
807
795
777
730
746
695
669
653
651
664
705
741
760
886
910
882
908
896
801
835
804
692
687
711
731
737
757
742
697
683
659
634
621
628
627
658
703
677
714
759
744
688
684
688
672
644
639
628
624
619
613
606
609
655
748
797
818
822
784
727
701
696
712
801
856
880
865
813
740
710
728
758
784
789
782
750
738
727
729
769
828
848
812
760
728
717
708
718
810
901
933
889
850
791
736
732
796
863
869
829
791
769
768
832
874
904
867
813
783
777
864
937
959
916
878
869
899
883
837
807
858
919
945
909
856
835
878
925
913
871
823
827
944
970
939
899
899
833
737
706
687
664
691
755
833
966
952
905
847
782
758
755
775
803
857
1067
1049
1006
969
874
762
723
734
809
1014
1009
980
944
904
878
884
956
1004
971
927
883
837
910
998
979
944
903
855
793
813
913
954
934
926
885
857
808
804
871
934
932
896
857
822
787
844
900
906
866
832
775
765
861
911
918
893
852
806
787
836
888
896
866
825
794
783
849
877
871
848
831
809
849
933
933
900
906
905
877
844
911
947
919
878
836
814
827
922
954
930
886
831
784
763
734
697
670
657
696
929
979
952
841
747
711
712
729
745
849
963
924
913
875
803
809
803
794
765
718
693
701
723
747
824
920
944
926
892
861
919
933
878
764
706
671
670
752
1017
1001
986
951
910
860
891
952
945
903
869
861
927
935
924
881
827
793
831
897
864
794
783
771
751
745
713
687
674
676
668
661
674
715
739
766
820
897
909
888
857
816
792
756
810
863
904
899
830
761
802