896
880
888
873
808
803
811
796
775
796
868
907
930
923
922
876
883
897
889
921
906
902
893
908
907
880
914
859
808
771
726
732
741
841
881
856
900
914
900
891
902
891
831
836
839
813
831
839
842
801
819
854
852
824
860
854
827
822
902
938
924
967
949
882
889
895
884
895
926
963
913
914
888
852
842
886
954
935
933
943
883
826
823
843
875
868
927
915
884
833
850
852
854
820
855
860
847
838
861
872
848
814
836
874
858
844
871
872
840
851
844
850
810
832
858
856
835
853
863
835
800
809
804
774
782
794
807
771
798
824
824
796
822
811
787
760
790
788
789
771
799
756
714
708
712
742
775
806
802
876
882
814
805
814
818
830
921
973
962
923
928
856
799
810
846
913
892
936
926
887
872
901
911
866
864
894
916
884
936
964
919
908
923
924
903
975
968
905
914
914
929
880
894
877
847
883
929
941
908
945
967
930
913
904
880
869
879
895
886
918
973
974
944
938
884
829
837
878
867
870
939
962
920
937
937
898
873
850
878
869
906
927
908
857
863
885
850
829
857
877
864
877
915
918
895
901
882
817
798
813
828
810
840
895
896
833
835
864
851
809
839
853
852
847
875
863
821
834
848
867
846
861
907
902
895
926
928
899
914
938
925
894
919
920
904
938
922
868
889
879
911
866
877
836
824
856
817