818
824
814
813
825
865
858
854
858
827
793
795
823
853
870
835
885
936
878
893
957
936
909
925
913
931
912
897
965
910
917
928
940
888
880
860
878
873
848
849
877
924
897
900
922
926
874
883
917
946
885
944
983
932
913
948
956
907
912
932
912
903
941
948
896
912
915
896
875
909
916
885
926
951
932
910
948
943
895
905
943
907
896
939
947
899
891
912
880
871
905
920
924
932
967
930
900
937
942
899
900
935
910
878
885
923
928
915
964
972
910
902
840
805
787
776
800
798
841
871
896
896
930
884
874
920
906
869
894
910
886
906
970
928
922
936
907
902
890
898
878
890
909
908
887
908
959
906
919
950
904
879
922
884
875
923
944
925
956
940
897
939
879
902
867
830
843
858
819
804
812
778
793
813
811
831
845
831
827
885
882
862
903
944
863
858
882
825
840
893
926
896
888
909
891
887
926
906
886
925
943
900
917
932
901
882
907
896
896
947
949
882
854
866
853
838
853
895
916
889
917
900
887
920
928
892
903
933
925
906
942
951
900
924
943
896
884
931
936
890
928
953
887
908
950
954
961
961
905
887
926
920
891
926
919
893
912
938
901
929
938
892
877
817
781
761
746
778
808
819
861
945
914
950
986
932
922
956
930
929
966
947
930
964
949
924
964
950
893
930
941
893
898
917
930
931
894
890
861
867
894
884
917