765
704
654
616
617
679
746
831
865
879
811
743
688
684
710
747
829
785
747
743
795
830
851
787
737
761
740
689
678
683
698
741
785
742
786
772
739
741
719
712
705
698
675
676
688
739
778
782
776
756
717
704
702
718
723
714
666
677
688
725
758
750
690
644
643
653
665
694
774
784
755
773
788
736
707
699
727
769
796
741
742
736
759
753
743
766
744
699
688
646
640
696
858
911
930
921
877
679
854
720
786
896
922
889
830
811
818
786
716
674
691
709
752
751
662
686
780
784
826
802
774
784
793
721
698
677
691
737
809
863
834
846
825
810
776
751
787
841
838
773
749
782
825
786
761
726
733
771
805
840
835
792
686
859
788
741
695
679
764
826
812
791
787
775
827
847
831
841
730
710
738
801
808
856
852
840
852
783
737
764
792
812
852
874
862
798
782
774
806
801
802
813
799
773
735
759
791
834
841
782
771
786
755
796
753
690
649
658
659
729
851
847
886
856
813
769
740
795
801
844
864
837
845
819
813
748
742
771
850
897
860
801
742
678
677
694
776
896
924
882
832
833
780
725
700
700
735
817
852
832
791
743
731
747
775
805
814
806
780
750
734
731
769
818
840
821
845
809
754
736
768
835
863
863
845
839
824
836
792
732
685
690
685
699
759
1025
979
990
953
850
729
701
742
754
782
850
883
1008
990
936
797
758
737
728
747
721
696
687
715
765
791
814
734
711
721
730
763
815
760
759
759
770
746
752
789
776
831
734
737
754
806
840
813
850
814
748
693
672
684
711
767
796
790
757
699
665
687
682
639
645
686
733
818
866
863
866
851
764
763
751
708
674
652
692
984
942
895
854
835
859
858
862
837
803
685
681
748
875
813
795
779
779
733
704
679
669
670
697
694
737
749
746
732
743
771
810
812
833
729
660
657
676
739
815
804
818
821
760
727
761
761
778
817
769
738
753
729
746
787
823
827
837
787
752
735
670
660
680
771
829
842
817
758
673
677
693
715
806
877
885
869
868
856
822
802
817
770
754
765
773
734
711
696
704
754
780
797
804
786
756
760
780
808
783
771
769
758
719
714
704
688
685
711
784
828
818
822
792
775
707
677
712
747
827
896
880
865
824
820
819
814
766
746
780
835
865
865
805
799
826
842
839
830
817
795
741
723
755
811
857
871
844
819
791
748
728
710
736
761
808
848
785
737
776
812
842
837
806
801
774
757
728
753
767
820
818
797
764
744
781
841
845
809
799
786
771
739
717
711
761
818
868
881
839
793
757
756
813
836
846
845
823
806
800
747
745
761
801
818
874
842
822
784
771
760
758
734
724
704
707
728
800
819
848
856
739
685
687
656
647
635
652
759
846
876
876
844
747
710
721
781
824
813
815
722
725
790
813
835
823
830
853
832
787
771
785
803
772
739
758
820
870
831
792
770
739
743
797
796
834
821
770
738
734
729
752
821
847
917
907
816
771
806
833
801
825
827
792
790
748
702
658
639
647
692
884
835
846
851
797
784
748
764
770
813
823
813
793
796
791
762
740
729
728
745
788
805
799
788
740
717
723
763
816
830
839
799
751
744
778
813
892
871
831
809
804
833
879
851
805
778
752
730
723
691
694
702
728
773
777
725
686
664
668
673
690
781
863
866
859
839
821
751
753
736
712
688
672
654
643
653
817
780
876
1149
331
2806
674
712
768
788
6366
2552
700
783
833
826
838
826
804
740
673
637
621
621
619
640
802
913
751
697
755
846
849
843
881
889
910
799
664
634
606
590
604
710
944
937
945
859
758
677
659
679
738
783
854
874
896
867
811
793
740
691
673
694
749
855
870
855
828
777
740
732
737
724
736
688
690
689
696
729
835
900
915
902
838
769
718
721
741
816
813
768
734
678
658
663
671
742
784
778
797
772
718
672
681
699
717
732
780
837
856
880
852
807
808
804
806
789
769
729
721
719
762
808
813
804
811
809
765
741
727
742
779
790
804
823
833
808
795
788
762
731
706
730
727
765
823
795
723
666
671
692
782
921
934
880
813
746
702
686
706
735
799
824
854
802
788
758
808
822
850
858
817
787
742
716
712
774
856
891
855
815
774
740
758
859
954
923
882
872
876
860
823
805
806
809
782
826
810
859
782
738
715
665
650
659
687
802
922
941
918
911
851
805
738
708
696
700
768
861
937
987
977
938
878
820
775
769
777
826
897
906
911
896
851
813
780
734
727
729
783
872
929
913
899
872
792
767
751
751
771
825
859
889
897
801
709
688
688
682
680
706
784
863
885
854
828
802
806
774
734
710
688
684
704
740
839
865
860
866
858
809
764
741
746
786
843
862
871
854
841
809
777
740
732
732
739
780
848
866
875
863
874
777
719
666
652
641
635
1035
906
845
863
869
876
855
842
990
873
856
836
810
795
782
774
753
719
717
737
778
812
831
814
785
779
745
735
734
729
734
746
740
771
788
849
952
969
918
880
818
783
793
802
824
852
891
920
872
800
777
778
791
837
875
951
936
891
846
815
765
712
662
650
650
690
878
898
894
849
804
717
688
726
969
797
721
666
646
766
865
772
742
821