787
804
821
825
798
789
806
834
804
790
783
763
738
753
746
730
723
726
728
750
806
800
794
803
804
777
775
769
781
754
773
768
764
792
789
805
826
805
799
803
818
795
764
760
781
789
796
832
812
801
785
769
731
731
703
715
756
785
815
841
840
860
841
830
779
790
768
769
786
805
830
846
843
874
868
854
866
855
829
832
837
806
810
824
817
841
881
873
843
833
821
791
810
808
821
812
831
837
807
819
838
833
852
833
826
805
804
825
812
783
812
846
909
905
884
884
854
784
777
743
742
760
786
836
902
955
882
840
831
809
765
746
742
748
745
733
724
729
734
735
771
788
807
794
836
857
854
844
824
790
775
823
784
804
856
924
895
847
820
771
731
740
791
827
853
821
776
762
753
728
722
710
740
785
842
858
873
856
875
835
781
747
727
717
704
723
705
725
749
737
771
715
732
757
774
813
805
780
794
811
783
772
735
743
729
728
743
754
769
766
780
811
826
828
789
784
770
781
771
772
772
760
762
763
756
753
772
747
698
715
740
765
771
776
790
802
772
788
784
789
780
769
800
823
812
820
839
821
828
830
823
827
810
795
765
771
767
765
763
763
727
715
711
721
728
750
773
775
790
795
801
789
799
794
765
800
813
818
812
839
852
845
839
855
841
809
818
818
793
803
817
812
798
827
836
808
809
811
804
792
779
762
742
747
764
802
821
852
854
870
894
854
844
897
873
814
784
792
807
792
821
860
860
828
813
835
835
813
821
784
750
725
731
740
728
738
702
703
695
703
700
735
731
733
712
695
685
697
699
680
680
670
679
696
740
730
681
692
706
712
739
778
809
770
753
779
800
799
810
800
787
765
703
702
705
723
721
729
763
772
763
746
727
732
735
741
759
754
782
789
782
832
841
863
855
844
824
778
754
755
781
813
821
781
775
793
792
797
808
824
807
799
781
788
811
833
813
778
817
818
815
857
874
835
824
845
822
826
868
895
884
855
810
803
796
782
794
801
787
817
815
780
786
805
777
781
771
749
746
766
759
766
767
744
766
803
835
818
863
907
891
869
805
803
789
773
769
779
776
769
778
789
786
781
782
803
810
786
803
797
765
767
786
794
802
766
778
793
792
787
792
820
801
789
801
816
820
806
806
822
841
820
792
763
718
710
750
778
825
828
829
811
810
781
764
770
795
827
818
862
886
900
868
831
842
828
798
754
741
771
773
767
779
789
840
838
854
875
838
827
830
802
778
777
776
733
746
746
752
768
787
764
762
771
759
768
801
794
775
761
773
758
771
761
773
771
747
739
761
773
722
733
790
783
800
807
793
794
786
733
715
696
692
707
767
841
833
875
851
802
811
805
786
775
798
814
805
804
799
797
819
771
726
721
737
731
751
749
718
698
704
681
680
688
690
685
682
683
689
671
657
658
637
641
686
733
761
812
781
813
841
784
797
819
799
793
831
859
835
892
946
896
911
907
857
833
805
773
796
834
881
880
858
859
842
865
860
822
811
821
825
817
844
870
856
827
870
900
854
852
878
878
844
830
846
879
829
842
859
805
799
809
847
835
789
798
811
785
744
748
758
744
743
780
780
786
780
740
759
775
799
797
825
854
866
858
862
875
799
800
824
855
846
851
868
854
847
863
880
834
869
880
825
833
865
876
854
855
867
841
869
905
873
865
911
892
858
870
893
878
884
899
921
860
890
887
867
871
899
927
877
869
928
937
893
897
896
861
860
903
910
897
928
914
860
873
875
856
835
860
872
848
854
880
848
835
854
866
815
841
867
841
839
891
894
835
861
887
856
828
840
854
827
857
913
887
818
840
866
880
833
874
944
948
874
849
854
815
751
741
751
756
723
729
743
772
784
759
758
774
791
780
830
857
813
805
760
755
819
896
866
887
849
805
825
838
846
858
899
892
890
896
882
851
849
860
834
811
845
856
814
824
844
860
824
836
862
879
872
849
850
883
937
899
921
950
929
913
946
896
896
934
949
948
962
938
954
966
905
917
913
868
887
906
842
868
874
848
830
865
870
875
842
854
835
773
777
803
808
813
861
873
851
875
907
850
830
828
865
825
806
800
845
861
877
850
850
853
807
804
815
860
896
934
875
905
929
913
855
852
857
828
833
838
857
816
820
820
756
704
718
741
784
832
871
834
824
859
818
798
825
830
813
792
821
833
814
786
811
849
820
847
866
880
853
817
854
891
863
839
865
820
796
792
865
917
901
860
871
897
859
834
868
893
846
856
887
882
797
779
771
767
777
771
794
850
897
866
841
848
844
820
871
913
900
886
900
913
883
886
898
875
839
848
878
834
813
846
884
868
882
900
887
854
902
909
902
860
866
875
866
881
891
888
857
856
871
896
869
856
866
877
857
885
920
896
869
849
868
894
875
839
838
860
863
845
880
886
888
849
843
857
855
824
851
870
879
857
864
878
847
826
868
894
857
840
861
852
768
771
796
818
834
811
805
821
822
816
847
833
801
823
848
860
828
832
835
822
813
846
838
813
798
783
794
797
799
748
754
748
751
758
788
852
913
867
846
832
832