1063
1061
1070
1108
1130
1070
990
1003
948
881
925
958
1031
1066
1026
1024
1028
949
958
935
898
932
972
979
983
957
982
960
970
987
969
955
958
964
950
968
955
885
903
905
940
917
952
943
900
873
875
875
874
829
865
841
862
863
881
829
846
866
911
934
919
858
872
892
889
891
921
1067
1058
965
981
980
1000
964
906
911
918
974
1008
1028
1032
1030
956
904
920
922
990
1020
1075
1121
1125
1010
1013
987
1001
1029
982
1051
1076
1092
1114
1083
1028
974
987
974
917
935
956
945
996
1036
1014
1087
1062
1050
1023
957
892
825
879
1035
1146
1061
1137
1128
974
884
885
1086
1200
1116
1074
1155
1151
1053
1072
1124
1109
1121
1155
1097
1065
1090
1106
1056
1036
1042
1044
1074
1059
1062
1038
1003
1035
1021
988
987
939
945
909
903
815
756
741
735
729
739
740
743
736
714
725
753
813
904
931
946
991
1003
952
937
961
1024
1032
1004
1046
1019
893
907
998
948
864
895
1015
1103
1082
906
906
941
1063
1104
1037
979
974
902
844
925
958
1022
1121
1147
1099
993
921
942
1020
1036
1093
1096
1051
1073
1079
1102
1081
1050
965
887
833
852
910
1029
914
927
956
996
1031
1032
1006
989
863
842
852
955
1177
1009
1067
1116
1080
1068
1067
1028
979
983
976
981
1023
1062
1036
1061
1098
1131
1055
1055
1063
1027
1030
1066
1089
1076
1129
1113
1079
1052
1099
1142
1135
1050
1051
990
929
938
908
938
1022
1023
987
1060
1062
1023
1072
1063
1009
1013
1042
1001
1013
1016
1040
1062
1101
1114
1083
1047
1072
1063
992
1009
1040
1029
1042
1112
1154
1127
1154
1116
1053
1039
956
946
1001
1030
1019
989
955
879
892
918
914
908
827
817
816
881
981
1036
1062
1040
954
857
851
896
1039
983
1072
1135
1049
956
996
1056
1008
952
974
988
982
981
1032
1027
1038
987
949
944
952
892
950
981
973
915
909
906
946
861
840
877
932
962
982
970
929
950
1020
1063
1065
1009
982
979
962
953
957
902
925
931
932
982
1038
996
909
946
1030
1038
1028
1038
1054
1004
979
973
906
1030
1106
1101
1118
1128
1106
1093
1096
1059
1001
1007
975
873
922
1082
1163
1123
1124
1064
995
979
954
873
892
1035
1061
1067
1051
1001
1026
1006
978
1035
1084
1062
1084
1073
1020
993
1009
1002
952
961
992
955
981
1025
1012
1045
1017
1009
1004
968
1008
997
1035
1034
1047
1021
1002
1004
970
1020
1052
1070
1039
967
941
959
958
965
997
986
993
1042
973
914
928
977
994
1028
1039
1025
981
1000
990
960
976
952
932
975
1004
996
975
955
908
885
869
843
820
815
1144
1048
1025
1093
1094
1050
1010
977
956
924
922
937
969
965
1013
1063
1009
1045
1028
940
927
927
955
1000
1002
1040
1083
1099
996
1019
979
945
998
1035
1006
1057
1092
1039
1051
1052
1010
1010
1037
1030
1027
993
1094
1065
1015
1051
1071
1018
979
910
910
815
759
752
795
902
962
945
857
817
760
756
725
751
864
997
908
999
1021
1076
1126
1174
1152
1089
1027
1005
1033
1059
996
996
1071
1235
1253
1132
1089
1188
1232
1152
1079
1143
1194
1134
1048
1016
1049
1057
1179
1184
1163
1202
1191
1099
1020
1040
1076
1093
1032
1042
1104
1116
1082
1094
1037
972
965
1000
1031
1018
989
972
1013
1033
991
956
951
1012
999
943
972
1006
999
995
1021
1046
1041
1002
1023
1060
1040
1013
1078
1101
1113
1111
1120
1084
1093
1152
1122
1118
1149
1111
1070
1097
1094
1053
1012
1041
1120
1150
1090
1105
1114
1063
1000
1007
1015
1025
1061
1111
1103
1107
1116
1083
1078
1065
1062
1029
1075
1127
1079
1123
1141
1094
1101
1103
1061
1093
1146
1094
1099
1101
1151
1077
1035
1061
1070
1066
1013
985
982
1089
1078
1045
982
988
1026
1030
1006
1027
1074
1104
1049
1040
1045
981
990
1020
1017
1047
1048
1011
1039
1109
1071
1053
1129
1130
1063
1067
1107
1078
1038
1101
1072
1031
1021
1098
1127
1118
1160
1136
1061
1084
1100
1082
1032
1054
1106
1112
1087
1134
1148
1116
1029
1008
1031
1096
1083
1058
1099
1080
1063
994
1008
1028
1062
1033
1077
1109
1079
1082
1120
1126
1089
1054
1080
1139
1143
1146
1151
1142
1101
1041
999
998
1021
1021
1100
1128
1102
1051
1087
1045
976
945
985
1000
1079
1046
962