967
968
979
915
960
1010
928
917
1021
956
895
853
796
760
768
738
738
743
746
764
861
1008
1070
1065
964
922
943
998
1013
1017
1030
1089
1100
1029
1005
1003
973
966
987
1020
990
972
1053
1064
1049
992
978
1027
1112
1084
1031
1070
1031
980
944
999
1078
1118
1039
1107
1151
1151
1055
1021
1087
1115
1071
1002
1015
1114
1139
1118
1041
1048
1097
1133
1092
1027
1033
1073
1150
1069
1022
1076
1147
1120
1037
1021
1092
1111
1067
1017
1012
1071
1091
1049
1018
1053
1088
1084
1042
1002
1030
1088
1085
1098
1032
1061
1064
1107
1091
1036
1003
1050
1102
1129
1093
1075
1073
1062
1081
1059
1049
1066
1085
1112
1069
1032
1038
1101
1087
1089
1058
1026
1071
1092
1113
1079
1048
1083
1115
1137
1161
1081
1034
1024
1078
1104
1125
1123
1093
1070
1111
1098
1105
1069
1036
1063
1111
1114
1147
1116
1042
1019
1052
1124
1128
1097
1065
1040
1048
1072
1094
1101
1049
1004
1007
1078
1091
1117
1118
1045
989
1005
1020
1087
1114
1083
1067
1062
1104
1118
1112
1070
1005
996
1047
1098
1099
1091
1041
988
989
1019
1039
1029
1051
1030
1044
1117
1099
1058
1016
979
994
1043
1082
1069
1034
1008
1020
1035
1068
1056
1010
979
1006
1067
1105
1121
1063
995
966
1003
1079
1190
1201
1181
1149
1093
1055
1056
1108
1183
1188
1137
1137
1115
1134
1155
1105
1050