1023
987
1011
1024
1013
1021
957
896
773
743
791
924
969
978
944
979
949
894
779
729
723
756
816
840
801
819
789
811
822
813
783
783
776
772
784
806
791
751
707
706
714
694
729
752
781
795
766
772
778
823
829
761
774
797
843
881
918
919
853
794
724
708
763
841
806
946
1072
1078
957
887
871
974
1042
1021
994
979
947
928
934
966
977
977
943
922
849
854
903
911
946
959
954
980
956
801
751
841
1111
1064
1070
1062
949
951
961
973
997
952
924
919
859
865
902
934
923
960
871
844
875
958
1006
1008
994
977
914
839
823
891
880
908
965
838
832
802
717
758
807
911
970
899
937
958
931
897
896
907
907
935
941
929
922
894
858
858
876
871
908
888
874
885
899
924
923
913
829
802
789
812
825
801
815
1440
682
665
679
665
665
669
672
663
641
647
649
672
687
735
792
801
807
789
793
781
764
779
792
810
771
790
796
800
817
815
782
791
780
806
757
788
761
781
791
779
796
808
823
827
806
812
742
764
725
696
703
738
856
834
854
811
856
821
861
905
858
885
821
803
825
811
821
745
708
731
765
774
853
847
844
809
772
718
699
721
715
762
733
722
743
800
816
822
808
793
803
791
796
749
726
715
746
768
783
790
810
800
806
809
791
727
725
711
707
680
709
737
788
820
746
748
744
748
768
769
715
719
735
822
830
830
781
748
753
747
762
755
727
732
684
683
668
686
696