895
827
826
807
764
767
833
846
827
764
771
749
712
712
708
721
796
953
977
965
430
445
790
775
738
732
742
754
729
819
1021
974
844
811
831
930
1034
995
959
916
827
777
769
788
940
1092
1051
1000
981
926
818
775
779
848
1062
1022
1022
976
960
899
800
782
807
928
1040
890
901
941
972
931
804
782
789
833
1024
1074
1040
1013
880
826
859
917
1087
1036
999
879
813
816
852
1003
1091
1063
1013
938
823
794
805
875
1024
1021
894
848
876
939
975
984
960
942
840
796
783
799
908
1037
1044
1018
945
855
816
828
877
961
966
966
888
804
790
799
855
967
982
977
864
812
810
836
923
1003
987
887
840
875
901
910
933
869
798
767
736
736
740
789
885
961
996
1025
971
932
890
861
855
860
896
916
839
811
813
845
956
1000
1015
1001
968
892
802
764
766
814
1062
1103
1008
865
812
795
803
875
966
966
940
913
828
766
751
755
831
919
865
810
823
821
865
800
778
857
917
922
917
876
833
781
766
770
814
979
1007
996
966
933
890
870
789
763
750
763
875
1031
1043
1055
1028
987
932
869
796
771
792
882
1031
1007
1012
980
877
832
833
869
921
967
943
850
804
808
832
901
977
937
839
834
847
889
905
878
790
766
748
718
805
1223
1021
981
875
817
821
849
919
945
917
900
872
780
746
738
758
921
1109
1012
867
813
817
843
919
912
918
901
877
862
844
807
767
762
806
897
1041
1020
993
934
894
878
812
775
757
796