697
679
722
793
878
892
810
784
796
768
799
780
739
705
702
714
768
825
824
765
723
716
712
726
707
701
699
707
724
760
754
702
686
694
708
722
748
741
728
681
682
657
681
677
688
670
680
686
663
707
701
734
726
720
710
717
693
680
679
673
688
688
671
659
672
725
789
790
723
706
717
730
810
829
780
751
712
704
716
736
757
780
806
833
822
809
800
781
761
743
754
763
783
808
826
806
720
723
712
710
702
741
834
901
810
856
768
704
702
683
707
818
825
924
879
909
911
902
877
845
771
748
747
778
1271
987
961
961
904
804
862
813
854
884
896
834
784
754
735
743
837
941
954
951
911
860
818
728
721
714
744
852
879
896
787
803
798
772
712
693
676
690
689
712
759
797
830
836
768
821
781
772
763
743
736
746
729
717
700
734
803
845
756
757
758
743
815
830
849
824
801
813
808
769
751
724
709
705
755
949
818
887
938
970
948
911
865
832
829
819
842
843
822
842
771
776
771
782
853
932
951
857
846
789
806
817
761
788
796
806
769
784
789
807
855
841
819
775
770
788
832
896
902
827
827
863
782
796
801
817
872
881
899
822
871
876
812
816
840
869
858
791
846
783
726
718
719
787
836
839
858
827
849
821
751
750
763
793
825
855
848
840
836
771
747
735
696
721
802
847
877
1035
967
937
878
833
792
807
820
841
851
801
849
856
859
796
776
794
877
911
935
951
936
914
893
814
776
760
797
1273
962
910
792
764
777
801
906
916
874
868
792
782
811
810
833
845
899
854
867
810
787
729
709
685
704
691
775
1010
970
935
887
794
748
688
677
686
723
845
1021
1022
1054
1005
896
829
865
856
897
916
919
907
884
817
793
839
919
1007
1025
962
937
841
761
743
753
795
1251
990
901
830
806
748
724
753
778
807
823
820
791
760
735
672
679
654
669
695
696
686
708
706
717
690
699
704
747
742
753
729
724
720
753
729
756
793
863
946
915
907
843
754
729
736
736
748
726
759
771
887
837
833
825
766
761
762
752
779
742
723
702
710
745
782
853
877
869
839
788
768
765
740
722
668
684
664
680
715
795
822
845
853
844
836
794
760
745
739
721
789
832
870
1007
986
952
912
783
782
739
771
793
896
908
949
950
924
887
821
784
726
706
699
712
981
1119
994
928
898
872
766
754
756
740
812
867
908
889
847
739
727
709
708
730
768
860
865
889
889
803
800
753
737
755
802
830
809
793
767
810
870
917
938
907
865
779
764
716
746
809
856
872
835
861
831
812
780
763
771
800
847
830
865
782
765
785
779
791
821
782
745
732
733
785
844
930
847
802
778
782
802
866
908
910
879
864
812
806
796
753
729
735
795
1012
978
996
946
887
857
828
801
780
800
834
810
816
838
887
972
850
778
742
760
784
942
916
854
790
752
775
799
810
758
781
778
729
781
762
780
774
814
808
797
809
802
779
768
752
739
729
729
712
765
746
740
741
767
823
915
945
931
929
890
865
820
786
779
746
805
842
943
925
885
772
809
814
858
779
776
818
832
879
864
819
787
817
805
831
831
789
781
776
771
758
761
844
828
820
761
714
675
661
656
667
693
719
735
728
691
645
662
639
636
631
624
638
670
757
886
953
992
977
960
980
978
1008
1053
942
885
885
971
1147
1103
1036
896
821
913
951
972
984
978
988
889
856
878
1032
1123
1097
1075
1045
1010
966
971
870
833
820
896
1115
1141
1099
1063
1036
953
842
802
828
1009
1068
1047
1020
1018
1007
991
898
854
916
989
1025
991
885
863
908
984
1004
997
934
863
873
911
966
986
1016
997
950
854
808
813
896
1221
1066
1011
904
863
867
797
861
1102
1057
1037
975
866
863
892
991
983
969
880
814
823
902
1159
1071
1028
961
861
817
826
971
1033
1051
980
839
818
860
859
902
969
996
968
862
820
842
929
1011
1034
1011
874
843
904
1006
1074
984
887
846
900
1052
1113
1065
1044
1020
890
830
881
965
1058
1062
991
876
823
826
876
1072
1129
1082
1068
989
852
803
828
965
1099
1084
1036
909
867
949
1032
1020
1035
1008
964
860
805
816
895
1083
1053
1038
978
859
802
809
843
979
1057
1055
919
862
887
928
816
769
796
775
775
807
888
1023
1021
885
809
789
813
885
980
1006
905
826
812
846
955
1024
1035
1033
996
878
861
933
1046
1094
1028
898
850
893
1106
1105
1081
948
856
861
935
1068
1038
924
926
1072
1161
1101
1046
905
876
963
1072
1103
1079
1074
1012
902
851
916
1149
1168
1117
1013
891
815
783
807
979
1247
1181
1128
1070
1064
966
798
753