637
688
721
691
682
700
721
714
674
664
665
671
653
637
643
652
640
610
618
602
598
583
580
568
553
545
536
531
527
528
527
530
535
532
532
538
535
540
540
532
527
540
551
567
563
580
617
669
619
596
588
591
625
641
635
686
667
664
646
613
604
577
571
563
548
536
532
541
545
557
628
700
760
791
788
775
752
742
701
675
654
630
635
666
682
715
661
663
699
707
723
705
667
640
662
685
682
677
670
664
660
704
694
688
654
643
660
661
666
653
647
601
623
584
605
602
623
647
631
686
681
643
663
659
674
698
1343
638
618
605
618
597
653
727
785
731
767
730
731
713
716
682
655
619
644
635
660
715
744
737
672
671
656
674
658
646
646
633
627
626
638
637
632
684
692
698
671
644
612
592
577
581
576
579
598
667
761
751
706
808
787
792
800
776
754
731
700
629
646
638
680
750
784
814
743
721
721
679
665
650
629
637
637
652
646
654
701
717
709
696
711
698
698
732
743
749
738
687
664
662
651
655
650
669
679
705
653
645
663
623
657
662
699
728
735
725
705
655
626
607
601
581
598
591
628
729
772
776
734
687
661
709
718
778
770
746
722
695
742
762
802
812
790
721
688
722
720
763
815
825
813
790
758
689
689
689
705
729
762
700
690
654
648
615
614
633
686
737
726
765
805
826
832
816
740
758
760
783
787
770
757
756
753
726
715
697
727
739
714
738
731
717
730
730
713
721
743
748
747
720
701
699
701
719
709
721
743
730
719
723
763
757
729
702
702
718
752
714
695
706
737
774
786
733
762
754
744
687
675
667
663
645
655
663
702
740
721
701
717
693
700
720
722
752
734
685
689
688
675
697
694
684
699
711
717
687
728
717
689
663
638
627
607
598
609
636
676
650
746
749
751
774
778
781
798
763
771
770
766
738
729
711
693
683
691
803
844
835
816
818
741
750
743
736
728
745
752
735
739
758
752
806
789
752
750
727
740
757
736
711
725
722
752
751
749
725
774
716
709
667
651
639
623
628
644
694
735
730
754
751
716
738
768
753
677
695
698
739
737
748
743
729
743
756
751
739
721
689
735
703
759
783
778
773
743
685
651
627
604
587
574
573
584
604
644
694
728
725
800
812
727
792
806
769
753
746
737
771
776
791
768
726
698
665
653
645
640
637
642
632
686
818
811
805
802
728
725
697
649
646
668
695
762
769
771
730
704
687
680
694
690
650
683
654
632
612
600
590
592
591
604
633
654
680
684
730
769
766
778
759
729
754
748
738
724
658
679
661
682
679
656
684
649
647
629
676
687
688
709
706
667
643
631
631
655
690
655
664
676
681
729
777
770
757
750
714
713
699
697
693
729
714
662
695
679
657
642
628
635
633
635
642
644
622
641
638
655
692
689
677
672
681
703
726
728
727
711
706
719
715
707
719
712
666
648
650
665
687
691
688
693
722
740
742
726
703
723
720
722
708
694
669
678
669
690
695
680
740
699
721
731
731
745
729
715
693
646
664
641
645
668
671
643
697
758
810
774
807
798
786
737
694
667
655
649
686
749
799
766
783
783
789
755
737
705
684
645
625
640
679
772
770
718
776
771
791
781
777
733
714
699
732
737
749
767
768
765
722
705
737
732
698
727
707
703
725
736
760
734
728
699
717
736
733
742
743
774
711
707
733
734
736
733
689
716
666
660
673
687
702
712
723
714
740
771
765
788
770
748
705
681
657
645
637
660
716
775
755
743
698
686
725
748
746
747
742
704
707
685
653
670
681
711
745
742
734
702
694
720
736
745
743
730
717
663
674
651
653
665
682
735
780
787
761
770
799
776
756
755
768
752
798
772
747
765
775
765
723
746
735
752
764
751
706
702
744
751
748
723
706
734
734
747
740
763
731
665
678
683
652
644
638
663
688
719
725
715
696
695
684
663
658
659
668
733
805
813
803
792
771
764
765
766
766
741
728
735
787
834
829
816
789
769
778
785
806
811
817
787
760
726
693
712
762
802
849
863
876
840
812
789
771
800
829
813
800
773
754
745
735
759
798
805
812
794
788
795
777
742
727
719
719
734
770
814
808
800
798
751
729
715
713
738
778
803
769
737
756
780
780
751
732
742
766
772
752
718
708
718
742
764
776
755
729
755
775
755
731
736
737
742
723
697
696
721
746
767
750
725
722
733
747
762
734
712
701
701
714
744
743
726
726
729
752
769
767
779
761
733
704
701
728
770
796
761
735
729
743
764
761
728
727
750
771
786
739
741
771
797
764
742
732
747
771
814
807
761
738
732
751
793
810
807
762
757
791
796
798
765
751
792
821
820
796
763
762
776
781
755
736
756
772
814
861
822
796
787
777
742
699
701
728
805
767
710
789
761
755
737
737
732
716
706
716
777
780
801
786
821
858
848
805
778
803
818
835
835
808
831
854
857
822
802
780
768
753
759
800
891
865
848
847
798
779
785
804
823
774
773
796
805
854
844
817
786
812
824
804
789
751
721
721
744
752
822
803
777
794
846
860
803
770
757
776
799
804
784
750
756
771
799
825
830
807
772
773
780
786
774
735
760
783
806
796
766
781
783
818
823
784
791
814
800
761
748
762
769
748
724
745
813
844
796
769
790
822
809
771
761
761