885
830
855
847
831
821
787
774
735
680
671
689
704
775
817
767
807
956
1079
944
872
871
893
866
826
885
890
825
914
886
889
894
883
847
896
890
866
917
898
885
898
926
851
894
910
855
887
813
799
815
865
965
957
954
921
856
848
867
872
907
888
841
896
899
893
899
872
867
811
828
840
807
724
746
802
914
1091
966
894
829
762
780
771
758
762
818
1176
943
940
902
866
900
903
879
922
876
847
881
858
870
867
848
859
813
862
854
799
846
862
868
849
832
833
872
853
834
847
828
886
877
897
922
938
876
884
878
854
856
778
783
696
678
661
697
776
1130
985
873
920
907
830
869
876
796
813
818
844
771
796
845
1095
988
920
870
816
780
752
751
764
773
787
790
915
961
904
909
868
816
812
785
765
764
762
775
751
705
724
769
753
777
885
835
792
811
797
752
781
777
866
841
851
883
913
922
916
855
795
836
882
817
813
908
878
900
850
797
804
708
721
777
781
777
794
770
859
938
959
860
768
761
783
802
908
860
920
1114
999
901
924
905
866
913
966
1014
936
1054
1032
947
986
938
874
954
1003
974
925
939
947
877
891
904
874
918
941
920
922
1044
952
920
953
891
860
923
945
899
951
944
903
887
912
904
856
914
909
866
939
932
878
944
932
878
925
915
850
891
905
857
926
977
938
944
960
957
896
923
936
883
900
861
807
837
790
754
791
845
804
795
938
947
902
825