875
944
928
953
939
918
865
888
886
869
899
902
872
902
923
913
884
869
939
897
920
921
899
937
916
893
914
883
916
923
890
924
922
911
918
901
854
866
844
817
808
838
878
895
896
835
792
793
816
807
818
927
890
874
896
915
895
884
870
913
926
879
907
925
937
900
878
880
881
876
917
935
913
913
919
919
933
881
885
878
892
898
895
882
885
893
905
917
928
928
922
929
879
880
896
868
878
896
910
935
892
906
938
931
961
968
952
888
882
927
951
953
917
948
971
1002
953
995
984
938
944
975
955
944
891
896
919
952
953
919
965
971
976
961
921
922
918
919
863
890
940
987
995
980
955
888
882
889
929
927
962
873
945
954
969
973
981
980
950
933
942
884
904
926
892
938
937
909
931
908
922
943
967
953
965
972
941
952
942
911
920
930
938
895
950
970
955
959
969
892
913
919
943
924
894
877
898
951
912
955
959
926
928
918
943
912
959
967
912
963
957
940
914
945
945
914
954
896
934
937
928
935
859
898
924
945
919
970
933
900
918
930
951
933
974
961
930
958
969
979
908
940
943
921
932
946
921
972
973
977
952
937
954
953
960
978
972
990
1007
994
992
979
931
920
905
859
815
826
922
936
937
909
932
946
944
900
931
896
930
945
945
969
960
972
967
933
920
897
914
945
917
972
989
973
973
983
979
961
960
955
929
961
980
967
989
998
983
967
960
910
919
925
899
909
868
829
791
784
810
854
969
892
935
915
944
958
972
976
923
843
827
843
948
925
940
988
942
912
903
897
877
891
901
903
881
877
842
839
859
896
902
815
833
862
830
867
911
906
901
913
907
860
840
759
744
761
850
927
895
894
968
966
963
947
983
993
978
966
949
935
929
916
864
873
888
916
869
856
886
917
935
896
915
929
927
882
896
913
927
924
939
929
924
912
903
887
894
912
928
921
909
923
927
929
917
878
873
863
819
772
730
718
698
687
671
671
726
966
930
953
876
898
891
842
841
847
794
756
793
1019
954
907
962
982
1001
996
982
950
891
861
765
777
896
1010
953
969
972
995
983
976
950
939
923
856
799
746
701
696
683
674
671
728
932
852
895
914
929
884
902
908
883
874
871
862
841
851
884
838
880
934
938
960
984
984
979
979
960
963
979
995
962
963
961
948
961
946
973
994
935
924
940
931
920
929
925
902
897
847
882
896
901
926
894
904
917
914
868
889
880
877
852
852
824
841
868
868
931
915
908
938
943
897
884
911
904
895
904
864
867
863
815
779
865
875
896
909
910
901
921
935
896
916
917
916
898
891
903
919
935
914
935
951
951
932
932
949
925
937
938
928
909
924
936
931
930
944
958
940
939
922
875
906
904
875
874
865
871
854
863
838
785
781
772
753
747
744
724
698
698
688
673
664
655
653
664
648
686
669
671
697
790
830
855
833
755
719
700
701
714
707
690
674
685
719
731
727
729
733
733
748
789
857
945
910
887
839
870
890
901
921
935
938
943
922
851
854
771
726
691
669
650
646
652
746
749
775
976
961
1002
1013
1029
1038
1038
1034
1036
1045
1051
1083
1093
1020
1051
1046
1057
1000
984
996
993
953
909
976
990
959
959
992
992
940
911
884
892
875
874
833
854
898
879
913
908
901
869
896
889
889
877
877
860
842
821
817
774
802
919
918
917
924
958
972
952
955
964
948
949
980
993
954
1005
995
952
968
980
973
928
945
967
986
942
965
970
913
847
787
735
705
679
667
659
651
646
665
772
783
812
854
832
829
1043
983
976
995
1013
1043
1058
1063
1072
1019
1027
1023
1018
1005
1026
1040
1008
975
997
986
954
994
998
998
951
972
951
906
883
908
938
933
917
873
882
873
967
925
936
971
966
942
954
955
940
960
982
995
977
1001
1014
980
1010
997
955
985
982
969
1013
1014
958
963
927
920
870
806
808
873
885
810
820
864
886
797
762
733
716
699
685
678
695
704
845
864
918
943
977
983
989
979
1009
1018
1046
1047
977
1005
1013
1013
1002
1035
1051
1043
1003
943
967
970
964
923
905
868
954
968
940
980
1002
979
979
985
966
941
959
964
933
979
998
972
961
974
973
969
976
960
930
949
957
903