788
683
658
676
717
753
695
704
785
826
729
674
657
616
616
635
614
595
579
568
561
556
604
616
590
583
586
572
569
588
604
598
586
579
591
639
717
764
767
708
662
644
667
729
800
801
727
668
656
678
750
786
788
726
703
727
776
806
813
761
713
702
735
777
801
769
703
674
670
708
762
787
777
711
671
667
683
723
744
762
725
680
660
662
690
743
771
747
685
662
665
686
717
738
695
659
644
642
670
673
649
639
660
656
632
624
632
662
706
731
698
674
659
678
700
735
733
691
669
672
689
712
721
702
666
653
659
698
736
758
735
681
652
654
678
724
759
776
724
680
656
655
684
741
794
797
781
750
703
699
708
712
722
717
675
647
639
645
685
720
737
750
717
679
666
661
644
630
630
660
696
694
652
631
623
627
654
674
681
655
629
615
610
628
688
728
739
698
671
670
688
702
721
729
688
652
636
628
636
649
640
622
604
595
590
584
590
604
649
676
683
653
639
637
640
655
653
638
619
608
606
625
653
668
660
637
628
637
652
669
665
648
631
630
644
660
675
669
641
626
627
642
653
666
646
625
612
617
639
661
668
651
626
614
613
631
667
708
703
670
645
643
657
688
714
711
683
656
645
644
664
695
713
684
667
644
624
605
602
629
650
657
639
618
610
615
635
687
713
712
670
646
644
660
676
692
685
655
638
633
645
655
685
688
669
653
647
663
668
677
683
659
636
619
604
603
629
665
687
670
638
619
609
604
588
577
566
570
591
618
650
631
609
599
600
624
644
646
632
608
599
596
621
649
673
679
646
617
596
577
584
611
611
602
580
574
576
603
629
636
640
623
606
588
579
575
602
653
665
644
610
597
582
624
636
615
588
582
586
586
580
574
576
600
641
688
698
689
648
635
636
649
661
672
660
634
612
609
633
683
718
716
675
657
646
627
630