854
835
818
831
874
890
845
868
880
878
866
838
846
818
785
803
845
889
889
929
942
915
927
947
966
944
948
946
935
978
992
984
938
961
938
890
898
919
946
910
951
988
1004
977
935
861
894
897
900
893
907
914
863
892
896
860
841
839
884
896
870
894
899
878
849
849
852
827
839
829
808
841
874
906
899
888
916
918
865
880
896
898
911
907
864
882
892
922
967
964
897
892
907
910
896
853
830
819
794
802
782
816
855
856
847
875
885
870
850
842
876
878
863
896
917
888
908
868
844
821
813
808
781
763
753
828
824
819
810
808
884
853
922
948
943
963
901
915
907
916
923
892
933
945
914
940
954
918
953
968
957
971
941
929
922
850
891
885
939
954
949
942
945
929
916
850
885
853
861
873
860
864
871
866
854
877
866
857
861
844
814
823
838
822
838
810
830
813
788
847
825
835
848
838
869
849
834
859
828
847
842
804
823
775
851
840
869
890
864
867
826
834
820
815
822
819
835
853
852
838
813
828
774
813
822
838
811
820
798
813
841
835
867
905
883
860
864
830
854
840
774
843
857
979
990
970
894
875
878
854
850
857
914
963
974
957
942
938
889
870
885
860
875
847
842
806
766
742
720
710
696
724
710
741
729
805
823
845
856
837
869
850
849
876
959
1047
1088
1061
1005
943
969
1124
1236
1208
1115
1094
1061
1028
1091
1123
1145
1137
1122
1074
1029
1074
1127
1146
1136
1127
1075
1054
1055
1131
1131
1114
1094
1031
1027
1096
1117
1101
1097
1027
984
1023
1095
1104
1104
1100
1073
993
995
1060
1165
1170
1131
1131
1077
1027
1032
1158
1186
1137
1127
1091
1058
1018
1111
1202
1172
1129
1110
1063
1034
1090
1183
1139
1118
1069
1007
1021
1094
1214
1146
1122
1088
1020
1018
1112
1131
1090
1083
1055
1031
994
1085
1175
1164
1152
1104
1071
1032
1109
1167
1148
1160
1164
1121
1095
1034
1141
1220
1177
1183
1128
1051
1021
1150
1186
1114
1109
1054
1018
1022
1210
1218
1169
1135
1075
1038
1032
1106
1214
1156
1116
1058
1073
1073
1117
1103
1048
1009
982
1181
1204
1164
1137
1127
1127
1111
1070
1137
1270
1208
1174
1200
1146
1114
1098
1120
1223
1219
1194
1154
1144
1143
1091
1050
1107
1170
1215
1170
1181
1139
1130
1116
1085
1044
1043
1170
1226
1153
1174
1134
1169
1141
1113
1063
1100
1208
1210
1162
1166
1051
961
934
931
889
854
812
810
805
789
789
795
776
754
716
706
684
659
689
710
771
846
905
941
989
1019
1022
1049
1071
1049
1023
1009
972
939
863