584
981
1031
970
945
832
747
822
893
734
722
795
795
699
728
891
758
693
729
835
809
937
1037
888
827
877
837
734
783
1087
1015
948
898
778
694
663
717
1052
959
837
883
881
813
707
717
820
943
848
745
819
907
861
749
894
749
811
963
789
712
688
915
1019
830
750
775
1016
860
757
729
847
891
729
670
636
676
1132
1015
822
755
894
891
728
682
748
1188
1111
922
812
836
938
952
824
729
763
1036
999
882
752
775
868
837
736
743
1037
1042
999
957
945
892
736
690
729
1152
1062
850
755
802
1055
1023
836
772
788
1036
975
880
728
682
665
709
1028
952
781
726
705
790
979
862
726
676
680
713
923
775
692
655
666
742
943
808
695
663
664
711
821
852
712
668
662
738
905
904
725
668
643
624
646
1036
1007
851
715
691
746
1004
999
768
674
649
638
749
1083
1035
896
886
960
979
967
802
739
771
991
1063
979
846
727
707
824
1049
987
826
740
716
963
1041
1004
839
730
730
953
984
905
755
686
658
674
1012
1021
906
814
806
1030
1011
988
895
756
713
729
1042
981
966
874
766
748
902
1074
1073
1002
823
710
689
715
1061
1080
1039
909
763
722
735
1056
1084
1056
926
779
724
760
1029
1056
1029
991
834
719
688
706
1159
1090
1000
847
759
966
1068
1022
824
717
728
1111
1085
968
841
773
993
1033
985
919
750
693
713
1083
1038
992
968
811
741
755
770
752
720
724
1075
985
873
726
696
717
727
727
722
773
791
752
696
672
672
701