567
565
584
633
672
686
670
640
643
671
700
646
614
602
624
643
604
597
608
645
650
629
621
640
656
637
620
606
608
605
598
585
574
572
583
599
585
605
635
654
676
687
674
659
658
631
595
579
565
564
605
660
693
643
639
642
680
750
791
729
686
675
688
740
734
683
658
625
608
604
607
623
663
679
716
743
765
750
719
721
735
701
713
657
636
604
589
582
596
638
683
687
704
716
749
729
733
714
727
751
783
765
701
669
668
690
709
655
660
649
683
720
820
872
866
814
750
696
652
639
612
600
604
628
707
782
834
846
847
845
836
775
796
741
716
702
702
706
644
633
603
585
574
574
584
599
627
688
635
646
649
646
629
604
611
635
645
638
639
628
606
590
1140
558
540
537
545
590
600
603
608
634
646
665
662
661
642
648
656
666
441
854
617
593
585
604
620
662
697
663
640
620
614
626
645
663
681
700
682
658
618
596
577
565
567
586
609
631
653
697
709
705
727
729
729
734
732
730
704
661
631
600
575
557
561
568
586
645
754
800
816
761
734
764
720
684
706
724
691
697
709
664
650
641
650
686
709
670
656
660
676
689
660
651
646
664
677
680
713
746
740
683
679
683
667
688
691
696
659
656
670
685
629
626
622
641
683
709
676
660
669
670
646
637
656
696
723
697
701
726
736
695
697
711
738
720
719
737
744
704
690
697
678
679
704
749
783
754
706
700
720
721
682
669
688
713
710
678
689
727
756
718
706
724
744
704
682
699
702
687
658
646
683
645
617
621
638
683
732
747
753
759
698
654
635
616
631
653
697
715
691
661
660
681
672
644
646
664
713
744
755
674
666
652
640
611
589
584
607
662
682
732
782
798
837
874
858
768
700
631
623
625
618
596
583
587
610
679
752
771
705
652
655
673
667
703
714
684
641
610
602
623
635
628
603
586
578
583
618
655
672
662
631
604
596
598
637
718
737
710
649
618
625
669
714
749
735
693
698
712
724
668
682
688
732
767
821
859
833
799
695
646
629
612
637
654
648
652
666
681
746
782
760
739
753
750
727
710
698
664
654
654
664
718
770
795
778
759
751
754
695
712
722
705
698
656
646
646
707
752
737
706
716
756
790
791
713
731
733
718
668
654
672
734
739
722
658
646
625
645
688
726
777
819
796
736
732
761
776
767
688
657
655
668
634
631
653
673
678
723
759
771
770
779
746
746
770
697
673
710
675
649
664
697
731
748
787
807
832
841
816
774
740
688
659
628
623
614
639
662
721
810
871
871
804
706
670
673
690
746
795
789
807
796
782
756
757
693
666
631
613
622
658
659
720
736
749
689
683
631
608
624
666
732
764
728
709
690
660
627
614
606
618
645
683
725
745
797
748
751
760
751
753
673
636
626
632
664
710
760
797
811
842
853
848
771
714
749
751
748
766
776
763
686
652
630
641
706
704
657
703
759
812
705
666
647
652
694
796
854
838
834
692
644
619
618
696
770
650
648
674
748
760
834
760
842
773
684
673
686
731
777
722
687
702
742
750
709
699
748
760
719
692
704
729
721
683
669
681
709
748
729
683
674
688
709
683
658
663
688
728
695
697
726
706
646
639
667
715
734
706
725
754
748
689
669
689
670
668
706
729
712
675
665
670
635
630
665
756
813
808
827
761
767
773
713
685
700
720
699
674
686
685
696
686
639
645
688
736
704
674
689
704
701
653
630
605
611
636
685
732
697
647
656
640
628
627
654
730
819
819
763
685
671
681
663
621
603
598
627
719
749
692
680
698
665
640
634
663
764
804
738
695
701
709
705
668
663
665
700
705
673
626
595
578
565
578
626
668
722
744
688
647
625
619
625
641
688
677
647
604
589
577
579
587
608
605
596
1160
548
541
524
512
506
502
1009
507
510
512
523
518
520
518
521
524
536
552
545
529
522
518
521
546
631
761
789
828
811
749
668
620
604
635
740
833
825
797
700
646
639
703
789
854
818
742
669
642
679
781
846
813
726
672
651
691
764
816
791
715
661
650
690
771
796
772
712
670
707
776
814
836
763
687
684
736
806
836
773
706
691
741
821
823
764
694
648
646
701
791
849
821
746
680
680
731
798
838
790
706
696
735
775
803
770
686
643
633
700
800
837
796
720
660
661
726
805
829
781
719
682
701
756
801
799
741
691
705
782
870
849
776
707
686
716
786
826
756
686
660
686
780
831
798
711
670
668
715
788
803
754
686
654
679
742
797
787
729
685
709
767
813
815
743
688
678
725
801
836
788
705
667
675
715
784
774
718
681
700
795
848
866
786
707
692
729
814
874
867
771
717
714
826
902
891
800
716
690
712
804
876
840
744
697
716
784
858
830
749
694
705
744
796
748
690
640
637
675
744
789
757
696
668
712
774
789
751
696
661
665
695
729
759
712
670
672
726
798
850
789
713
683
712
757
795
772
714
702
771
842
828
748
688
688
736
789
756
687
657
709
792
839
795
709
672
694
713
701
688
653
644
619
605
625
726
804
804
723
657
632
637
679
739
760
693
653
689
767
839
782
708
677
703
727
744
689
650
670
757
811
786
705
708
787
841
808
712
671
706
802
859
834
738
682
689
746
815
788
723
679
703
804
825
770
688
688
745
771
779
741
688
677
714
778
792
724
671
648
654
698
729
699
653
641
689
736
726
686
645
637
690
753
766
721
659
633
655
701
757
713
647
624
635