770
914
747
736
694
663
649
645
729
824
801
756
725
699
693
712
749
739
709
688
705
685
761
786
823
757
725
700
746
803
816
727
671
735
782
850
859
777
669
650
649
700
746
771
824
867
854
764
729
733
708
756
779
804
784
670
647
679
764
953
849
771
771
771
758
755
748
655
607
613
676
821
788
861
804
779
717
638
609
610
688
885
936
773
800
816
892
771
767
750
687
637
656
675
662
662
718
802
771
776
760
764
763
732
665
643
668
705
745
748
754
729
664
613
606
622
746
784
775
797
717
675
655
674
812
863
789
728
710
737
759
752
823
824
851
788
737
727
773
878
853
806
706
696
706
785
813
870
805
777
696
679
675
742
790
834
692
667
659
734
796
908
783
756
753
787
922
812
788
688
716
727
730
690
692
705
698
804
833
740
745
772
783
828
708
695
646
644
709
812
797
916
736
714
730
781
782
799
778
772
766
768
740
679
604
612
692
800
764
703
715
699
695
804
771
701
677
687
748
735
724
722
745
781
906
846
748
738
746
770
871
784
800
780
739
742
807
907
735
763
810
726
707
754
819
754
700
714
810
811
843
697
685
682
674
706
678
631
651
722
939
773
919
814
828
734
691
686
722
773
701
702
752
820
908
753
757
805
786
764
731
791
826
725
685
696
770
855
746
712
733
773
697
676
679
704
741
762
682
646
656
634
613
629
647
689
664
604
599
631
709
802
720
712
728
732
737
670
630
654
664
810
843
769
736
755
752
769
666
679
686
692
692
658
643
617
583
593
646
839
850
740
707
766
785
805
707
661
644
672
754
771
694
665
658
704
811
895
868
807
771
670
661
671
739
793
686
680
726
813
984
858
796
839
731
754
743
740
710
674
669
734
823
1015
882
763
884
737
675
630
658
695
878
824
873
764
817
801
864
706
672
631
654
830
773
744
723
770
985
888
739
693
690
685
778
832
983
903
827
937
697
678
705
813
827
829
840
729
719
769
802
796
779
703
668
612
604
603
715
833
818
777
777
797
945
757
689
683
747
850
954
794
713
723
807
946
783
802
808
720
681
661
742
809
819
972
850
765
723
656
643
665
771
825
847
771
777
744
740
677
666
708
769
802
967
813
776
766
721
702
664
640
675
851
1016
822
764
855
729
792
809
775
983
867
789
771
692
698
656
758
786
807
742
815
843
789
798
799
796
784
723
673
669
687
728
701
698
729
774
802
717
676
640
683
781
751
879
840
820
713
680
661
718
801
817
739
770
850
873
759
722
717
765
814
878
775
789
826
818
815
788
712
723
745
777
831
744
756
795
770
795
773
726
644
625
655
750
766
835
917
863
813
778
755
760
760
750
703
676
696
722
750
869
808
740
683
670
698
768
794
761
823
836
799
855
772
672
666
637
671
759
683
705
755
784
769
733
759
809
774
775
745
737
734
692
693
737
850
809
713
677
642
658
692
682
688
731
815
804
722
710
720
775
791
715
708
731
803
747
733
777
800
692
655
666
714
756
719
694
703
762
803
729
731
737
730
671
651
660
730
834
751
731
765
798
716
684
701
733
696
682
685
751
824
751
688
673
705
694
674
688
813
789
769
676
674
733
834
738
726
765
717
735
797
896
825
755
714
692
659
650
654
766
830
844
768
801
787
851
733
689
688
749
761
689
694
749
799
742
756
797
825
773
683
674
706
771
720
692
722
777
796
941
814
721
709
682
679
649
618
589
576
547
555
542
547
563
586
602
609
587
597
621
631
621
616
634
622
654
662
676
667
663
702
676
671
615
590
590
576
560
554
565
591
592
621
677
659
651
657
652
652
658
662
655
651
608
640
760
959
809
720
726
747
786
940
842
789
750
723
769
806
929
793
778
759
693
666
655
656
692
769
763
763
718
697
702
758
811
759
795
743
759
783
789
762
758
766
783
827
984
794
728
766
771
844
1067
822
758
735
771
807
1022
937
805
749
715
747
780
821
1003
801
736
751
761
763
747
725
680
664
658
745
819
901
758
725
701
720
785
783
866
763
725
702
743
830
809
1022
854
744
711
735
764
811
890
800
764
786
813
820
986
813
746
759
780
810
829
982
803
713
709
806
843
834
945
741
692
725
895
825
1035
916
751
690
688
764
843
846
935
738
712
772
815
780
735
718
735
763
775
783
743
723
723
733
762
783
854
773
732
688
682
731
794
764
728
714
715
728
739
790
987
874
837
737
721
719
724
763
897
1001
893
836
900
792
734
737
767
866
1054
917
844
924
732
677
676
771
856
1052
1021
812
752
739
771
803
820
968
776
698
666
657
671
757
780
750
736
724
714
716
748
789
847
813
768
743
731
740
772
796
921
770
706
707
688
786
839
1020
887
780
854
779
763
803
819
1025
895
742
734
760
807
1006
819
735
729
754
791
983
776
713
734
767
801
974
787
741
760
789
997
899
775
731
722
729
789
1017
938
788
734
745
777
802
1001
816
718
704
736
812
849
984
824
750
740
703
760
790
765
684
688
677
690
779
819
997
861
714
662
634
646
689
879
829
980