785
823
872
892
900
850
828
832
839
764
694
671
666
656
650
655
634
616
615
665
1580
832
816
813
814
745
692
703
748
866
948
873
813
853
906
888
816
819
894
957
893
865
916
924
896
832
782
813
845
863
818
821
872
904
905
845
795
816
845
884
892
865
787
802
855
897
860
819
882
930
912
831
808
863
875
853
808
828
845
867
848
806
769
794
851
855
843
813
796
866
872
859
837
844
808
807
783
794
771
778
750
720
751
967
1207
1072
1009
933
869
823
773
714
687
705
793
915
917
851
838
863
887
894
808
769
777
785
813
768
750
812
885
902
847
790
824
855
850
794
786
848
869
885
812
771
792
820
851
818
815
892
876
863
785
769
818
854
836
807
777
803
847
863
806
809
846
875
812
802
829
866
867
807
809
855
860
824
809
864
874
832
808
844
850
890
835
759
770
800
843
915
914
852
818
860
916
919
898
879
830
754
725
738
766
849
876
818
809
876
919
924
866
818
830
852
855
835
793
759
764
833
873
896
881
571
1092
856
837
837
814
751
715
722
799
870
899
886
891
827
783
790
823
827
833
831
812
769
782
854
881
876
889
854
788
755
762
789
851
869
850
800
760
765
814
825
831
813
798
756
757
795
792
800
819
816
782
730
739
769
810
841
786
762
715
716
765
854
844
842
771
734
722
757
809
817
767
742