643
629
639
661
665
682
707
700
700
709
697
668
679
713
687
664
649
688
685
651
641
623
614
600
591
586
596
601
616
654
742
856
861
793
736
762
833
977
961
948
947
878
825
767
888
984
962
907
927
970
946
883
895
914
902
865
965
949
908
960
930
851
796
813
1024
1011
945
965
1006
979
910
896
888
888
833
835
979
964
904
880
895
935
916
859
843
860
921
920
866
795
782
829
882
821
810
861
880
830
773
765
827
829
835
779
768
774
811
895
855
808
791
803
818
823
771
770
817
911
875
784
757
792
843
849
815
801
887
905
858
794
832
910
919
856
785
800
831
762
738
753
814
845
839
769
752
758
767
782
772
773
821
896
896
825
765
761
814
883
847
812
823
922
924
861
829
858
881
846
823
853
938
948
893
841
835
836
803
773
762
812
886
888
843
802
786
832
890
907
845
787
786
867
850
847
813
830
795
816
820
820
784
775
801
810
786
764
751
810
824
790
749
779
807
776
750
729
737
736
753
744
732
756
800
857
882
846
788
764
789
893
931
871
824
810
876
913
876
831
856
911
899
841
804
827
813
736
700
688
694
704
736
763
757
742
758
790
792
752
740
738
790
797
827
805
792
848
888
856
778
730
731
745
748
725
755
863
878
853
828
823
853
857
830
783
768
816
853
796
778
826
843
796
777
752
786
832
815
772
758
739
767
790
806
794
790
820
834
823
772
761
822
854
847
800
766
813
865
847
821
810
877
918
868
818
785
797
818
790
783
827
850
743
729
693
759
799
806
801
752