756
744
723
723
711
665
636
640
633
630
646
687
740
659
638
652
729
789
724
663
654
666
704
733
763
765
710
649
629
609
599
616
665
721
744
752
750
734
648
655
644
701
771
789
744
741
660
669
670
722
784
815
797
770
699
698
687
679
664
628
618
617
656
732
788
825
862
840
710
683
654
654
649
690
726
802
850
872
873
827
711
673
647
629
624
634
656
678
682
659
629
643
674
619
605
604
590
592
630
770
883
865
927
876
834
703
685
647
625
642
670
693
713
722
710
717
715
726
723
730
715
722
723
662
663
692
679
668
652
642
606
610
641
677
707
700
684
679
684
682
662
656
648
631
612
602
604
621
688
751
754
785
799
831
830
779
724
700
688
689
701
719
743
741
753
764
749
742
714
705
693
692
676
695
731
785
766
752
737
737
734
732
724
663
646
631
618
619
629
615
614
595
592
581
567
564
574
591
587
588
598
610
600
613
611
651
656
646
643
603
583
570
572
604
737
774
750
675
686
681
657
638
688
732
769
699
683
722
752
694
657
669
668
667
637
651
687
736
694
701
752
762
698
708
716
725
655
635
641
681
691
652
665
694
738
705
677
697
716
692
659
682
688
668
639
659
684
678
656
682
710
722
667
683
690
687
642
636
670
707
697
667
661
664
721
748
709
682
646
647
661
719
729
677
706
710
724
668
686
705
735
717
669
642
613
616
623
649
639
635
664
667
714
743
745
743
691
687
675
651
616
604
599
619
674
755
771
715
699
709
729
763
761
755
751
706
697
694
704
709
722
705
701
710
717
722
670
620
596
593
576
590
607
595
592
608
591
592
608
626
614
606
601
597
569
558
563
557
546
543
542
532
553
648
669
679
708
725
725
728
668
628
601
577
571
592
615
662
659
651
655
647
654
670
673
666
637
617
615
608
629
636
691
757
798
776
726
680
676
684
689
692
655
668
680
688
700
659
639
626
616
617
617
604
606
609
606
640
674
680
645
626
631
646
655
656
638
606
594
586
593
630
639
647
624
610
601
585
576
575
584
612
673
746
767
720
642
624
619
653
673
651
653
704
794
785
707
732
739
712
681
706
723
768
738
665
641
622
615
636
707
791
763
813
855
808
739
765
774
771
694
716
752
761
689
666
639
633
630
683
747
754
650
657
645
649
671
684
684
672
657
619
604
591
574
563
572
616
680
711
753
766
765
753
694
664
636
615
593
587
581
564
553
554
545
544
549
647
731
690
682
667
641
618
603
589
573
566
558
552
546
542
561
604
656
629
608
599
630
665
683
688
680
657
658
677
660
648
634
603
584
572
568
566
568
559
572
615
686
718
728
725
719
660
652
636
642
668
689
650
650
666
704
703
676
648
651
647
674
661
630
640
637
671
696
688
667
639
617
580
576
568
558
553
544
541
546
600
725
761
847
868
737
690
660
664
678
704
790
771
719
635
644
606
586
581
599
598
607
666
696
692
717
729
711
659
631
619
598
613
664
746
835
815
834
823
745
685
656
662
612
594
599
581
572
580
588
661
710
690
663
694
739
791
714
681
681
704
739
787
723
697
742
803
816
748
768
827
829
748
717
764
781
760
693
730
747
771
711
707
760
799
738
717
764
771
714
654
647
693
743
700
688
756
795
744
686
709
733
746
688
689
721
739
699
670
718
735
727
670
687
697
688
762
770
681
675
696
716
674
658
676
706
770
743
658
651
666
701
727
674
693
751
789
782
699
699
714
725
677
673
724
809
880
781
813
819
812
704
706
712
721
673
649
652
707
810
843
742
750
789
796
810
693
684
692
695
671
628
641
654
736
779
663
638
605
590
589
632
619
593
585
594
603
638
718
758
730
671
668
663
638
650
655
602
583
569
556
548
544
538
533
521
516
521
528
528
525
519
523
528
541
544
537
521
524
522
520
508
508
528
539
539
532
526
528
533
528
531
549
599
623
670
758
913
930
910
900
850
817
785
773
726
665
658
663
865
979
952
844
771
776
821
819
797
715
685
686
699
717
706
683
656
646
671
710
751
729
694
673
682
699
709
693
659
636
633
636
663
654
637
626
654
722
747
751
703
665
635
628
656
680
674
660
635
644
671
703
750
715
668
654
664
684
711
706
671
645
630
646
659
687
685
655
645
665
696
741
752
710
680
680
692
703
701
671
639
616
613
636
686
724
715
679
652
683
690
716
701
666
621
604
591
581
582
576
565
570
569
568
572
609
691
727
698
657
644
666
701
707
714
666
644
634
655
703
743
768
739
697
679
691
700
715
718
681
668
691
728
754
745
724
698
697
703
729
734
716
677
658
670
693
720
743
710
692
697
712
745
753
715
682
686
691
746
768
744
691
664
672
706
724
720
694
653
628
629
669
709
713
684
650
646
653
677
700
684
656
634
615
620
669
723
741
698
670
687
702
721
733
708
675
633
606
596
604
630
659
673
652
633
660
690
726
742
716
667
639
627
666
723
731
738
713
687
708
717
703
725
733
708
700
696
702
728
712
693
706
728
781
799
761
730
731
724
729
721
693
680
682
696
731
729
712
722
734
741
728
713
739
754
773
764
715
702
702
723
749
748
752
781
786
796
781
771
778
755
728
742
769
803
789
755
770
806
816
765
757
770
782
744
725
741
745
747
707
696
668
650
631
637
631
614
612
639
661
686
710
674
666
700
718
745
717
678
673
674
702
698
680
653
649
673
712
736
691
652
637
645
667
689
661
625
612
612
625
652
669
646
617
604
609
633
654
659
632
627
631
617
593
581