787
796
792
792
796
800
790
767
773
768
821
819
807
756
765
805
773
747
745
761
746
780
754
750
746
703
664
645
628
626
635
640
637
638
624
615
613
611
607
595
591
586
596
608
623
629
637
673
717
720
677
743
849
913
867
890
862
881
906
906
842
834
920
937
915
899
802
760
729
706
693
702
777
782
867
909
924
829
810
826
785
804
802
838
848
854
813
765
749
719
761
772
813
826
835
868
797
802
792
770
760
768
805
736
781
817
826
799
760
795
820
784
733
699
754
768
772
873
905
840
920
893
836
835
821
844
838
818
770
749
777
823
825
805
845
826
813
834
846
819
801
756
730
734
784
776
805
869
924
960
939
862
812
844
863
765
792
793
809
844
865
823
788
807
826
775
791
857
877
880
881
889
817
798
813
781
767
744
735
727
715
725
765
824
796
781
799
777
762
776
757
755
777
849
867
827
841
783
753
744
720
731
754
763
762
733
737
742
765
706
748
797
865
828
812
819
801
813
821
840
844
800
765
791
824
827
825
799
832
812
813
820
801
779
785
781
753
755
785
812
792
785
794
814
850
912
940
926
884
867
833
786
784
794
817
802
794
835
896
872
938
956
927
898
804
758
717
745
760
844
784
766
755
780
821
791
849
889
849
897
934
957
934
900
894
890
869
841
855
836
836
892
986
947
923
868
777
752
760
749
697
693
714
867
1093
903
948
963
926
881
863
848
825
808
797
819
853
799
792
809
842
814
794
784
816
813
852
856
785
781
776
801
724
704
734
819
840
873
883
846
816
812
789
732
734
750
743
796
816
882
928
868
865
884
900
848
823
806
778
732
727
740
756
795
802
788
840
911
890
812
830
850
816
768
729
857
769
764
803
885
937
889
880
885
861
801
781
772
794
765
774
818
844
826
829
846
818
817
813
782
793
797
806
767
786
809
846
792
817
824
840
808
795
763
801
850
838
840
815
792
729
708
704
729
736
793
809
825
846
815
820
823
850
859
893
878
854
819
814
804
753
738
769
830
987
988
901
901
934
929
877
795
785
776
768
729
701
740
797
841
857
938
905
905
904
878
870
882
864
806
777
835
872
898
879
805
803
852
813
814
853
845
860
853
827
792
800
784
788
799
814
781
749
768
785
759
745
771
789
772
769
788
852
847
883
982
954
886
857
855
805
795
793
813
806
809
854
901
867
917
917
901
888
867
824
816
789
773
750
728
749
733
729
791
813
805
799
778
754
729
709
738
700
682
665
666
662
679
685
683
682
700
729
734
711
727
699
687
668
668
662
671
681
691
674
674
713
760
800
810
796
786
734
741
762
773
796
825
848
805
833
826
783
802
772
743
760
810
873
889
819
814
800
851
855
860
790
741
762
777
791
819
833
790
772
814
856
792
808
826
819
791
839
878
849
878
924
907
865
820
834
816
734
729
767
890
915
916
870
892
919
898
889
846
809
778
766
723
758
787
836
870
882
846
847
863
890
855
851
863
816
862
817
805
829
781
763
751
727
719
719
728
734
741
790
805
754
755
785
794
802
837
805
760
771
806
820
814
768
750
794
804
805
821
846
860
846
866
831
827
806
765
694
686
690
698
726
718
710
688
690
670
672
677
692
681
676
687
692
710
727
771
764
749
785
808
773
751
721
691
687
684
663
677
679
731
812
896
917
888
841
840
861
864
822
780
803
851
871
848
837
885
896
910
863
858
877
873
836
843
876
904
876
841
876
927
924
898
846
849
899
921
920
868
840
870
905
913
879
846
889
895
918
877
871
904
926
890
846
878
906
904
901
877
836
834
887
918
931
926
903
838
798
813
852
888
896
875
836
854
890
918
915
891
846
800
794
825
850
872
854
847
902
940
898
842
856
875
880
833
808
854
910
932
875
849
882
896
878
844
868
898
906
861
868
910
905
844
854
867
873
846
805
839
895
902
853
878
912
919
841
842
857
857
818
832
860
893
863
821
852
900
899
851
818
849
866
862
823
820
879
908
921
857
830
861
876
884
846
826
864
890
875
831
859
880
881
836
842
856
865
835
809
809
851
879
879
835
819
829
826
834
787
753
808
811
816
788
757
794
836
860
864
818
753
763
785
770
729
704
705
715
745
732
701
667
716
704
686
664
678
749
868
930
897
918
919
906
852
843
825
831
844
851
838
813
800
791
816
772
810
829
878
957
958
896
904
918
867
846
852
876
910
939
908
864
879
903
924
900
927
959
919
877
885
898
898
884
880
927
948
896
886
907
892
833
808
789
840
897
961
930
870
877
901
911
891
835
803
805
734
729
739
733