753
808
803
874
771
743
757
751
690
694
673
677
786
778
776
742
741
700
684
694
695
686
684
649
646
666
750
820
963
796
720
708
732
767
845
911
972
775
724
756
791
1055
876
767
769
824
1064
894
780
767
810
845
1022
834
775
800
820
1019
825
760
784
830
1038
857
761
755
731
864
1061
856
771
765
804
850
1079
903
794
757
756
786
893
1049
885
793
903
748
895
845
1050
862
780
748
757
816
1094
924
813
773
791
825
1055
844
754
743
774
854
1056
854
774
800
847
1052
923
804
764
803
829
1064
931
803
754
777
807
1058
840
747
748
798
852
1013
859
784
811
824
1017
821
722
744
841
859
1033
896
855
1026
831
788
826
833
1008
784
683
679
771
908
827
912
762
744
685
671
719
705
704
797
813
972
806
716
678
691
789
815
967
778
739
765
803
1039
829
768
740
745
791
1070
902
828
938
731
696
779
823
1049
870
762
740
763
830
1074
840
772
754
781
817
1039
827
766
748
794
1058
892
797
909
831
837
827
957
773
777
801
845
992
816
771
808
853
1050
892
778
760
775
830
1081
868
792
952
910
837
832
950
751
746
826
822
979
826
809
834
1031
852
748
712
797
837
1080
846
775
792
825
865
1010
819
755
761
824
872
1076
860
780
759
767
804
913
1058
936
804
762
757
771
814
869
1044
889
765
740
737
756
802
838
1024
913
762
727
688
703
858