692
698
713
696
717
763
721
711
706
709
663
678
638
641
618
616
622
624
616
630
642
643
623
630
611
619
655
664
647
666
633
655
658
665
672
664
692
711
669
706
715
731
769
767
720
717
681
676
704
733
733
710
755
794
803
792
768
751
720
718
668
668
656
707
845
813
848
901
849
840
756
691
663
661
656
715
801
800
824
866
797
709
704
706
697
686
669
659
666
663
648
675
686
642
668
716
737
701
699
727
719
664
669
646
651
674
700
679
680
672
721
810
894
897
884
898
894
825
794
739
754
795
775
834
862
887
824
869
844
794
769
775
771
729
759
746
717
672
689
727
733
727
690
717
672
621
650
646
657
661
682
679
707
747
774
757
724
700
709
688
752
708
667
671
663
652
644
620
626
617
619
645
692
722
786
843
797
804
777
709
676
663
638
633
620
624
687
797
767
799
865
802
833
831
797
741
739
703
662
661
661
630
666
725
815
828
767
779
797
732
743
774
792
818
804
836
839
749
767
753
708
719
722
703
746
744
740
778
820
813
769
753
727
745
724
694
685
695
704
700
691
697
687
699
697
667
662
665
666
651
652
660
664
645
641
642
646
630
648
666
663
673
652
633
632
626
618
635
657
681
678
672
667
651
636
636
626
646
666
666
674
647
652
666
652
663
665
667
649
633
620
624
650
688
705
673
679
690
677
659
676
694
673
699
752
777
742
732
682
659
658
666
695
729
723
705
690
681
660
653
638
632
651
672
663
652
672
717
744
767
712
698
702
662
658
689
734
761
850
853
778
703
691
688
663
668
717
672
691
706
707
663
644
635
687
694
658
656
653
659
660
634
658
680
693
679
742
735
710
684
656
655
653
639
631
596
602
610
661
691
803
868
845
854
846
839
809
734
755
710
698
709
726
699
760
819
731
753
757
694
707
718
683
697
717
668
674
675
696
728
725
686
669
641
650
742
802
823
842
799
774
719
699
690
749
676
667
687
707
767
796
803
761
712
720
729
767
788
749
740
697
672
646
641
642
656
706
679
700
753
771
775
839
854
782
740
749
702
744
767
740
758
795
770
720
666
665
652
651
673
653
640
652
662
685
696
688
674
645
662
661
686
684
702
733
692
722
680
693
686
670
671
661
645
631
608
611
606
621
621
610
601
601
602
599
624
635
663
717
730
681
682
657
654
703
719
752
750
716
765
836
840
757
764
765
752
765
689
723
756
840
858
820
793
741
718
695
683
715
761
794
820
821
773
768
723
701
717
774
766
729
774
834
851
844
822
733
709
723
765
756
706
747
799
884
802
792
809
808
779
744
804
873
911
873
888
887
867
816
802
726
733
709
701
705
686
653
673
672
668
644
648
625
639
623
624
654
702
727
719
716
677
671
659
652
658
657
681
701
694
698
688
663
648
644
668
669
704
722
711
732
744
733
763
753
722
695
688
674
645
659
700
735
739
781
770
786
790
729
764
762
779
772
781
753
722
698
686
687
690
702
714
698
690
715
729
749
719
699
708
691
694
697
704
699
700
703
704
700
668
677
687
738
718
707
695
699
674
687
673
714
781
801
710
660
671
684
699
770
729
697
714
708
690
688
682
658
659
661
663
649
640
633
630
629
630
626
617
614
603
633
646
655
678
745
801
793
734
704
668
671
691
738
702
758
763
769
724
749
778
738
706
677
653
642
628
629
634
644
672
680
759
800
833
792
777
708
730
714
699
684
695
747
720
742
778
811
798
728
680
661
644
621
630
618
601
604
595
593
611
654
753
752
753
771
711
702
679
670
642
637
632
616
619
625
605
619
614
615
612
605
610
606
616
610
618
606
615
606
610
605
616
609
618
635
630
620
627
650
649
679
714
790
757
716
690
662
644
646
657
691
712
683
702
732
779
857
833
801
768
728
700
674
661
646
635
622
625
614
615
627
634
645
645
650
633
635
632
628
694
691
671
671
658
677
675
663
659
645
636
626
609
609
601
599
604
646
689
745
811
872
891
854
773
708
676
671
688
823
930
828
751
700
677
665
688
746
777
832
893
894
849
776
753
785
840
848
819
811
838
838
813
763
771
767
830
823
784
769
776
726
692
671
678
700
810
895
880
800
770
773
777
752
736
772
759
769
808
802
766
756
767
761
744
736
760
780
764
707
717
674
657
641
628
617
619
635
656
702
730
794
796
753
719
715
714
694
684
681
681
694
719
725
695
673
662
675
700
721
710
698
703
706
713
714
694
673
659
656
665
680
711
729
721
720
732
730
737
725
717
709
717
718
713
695
691
700
708
719
713
700
687
682
686
706
714
715
704
691
695
695
702
694
705
736
745
744
722
722
747
741
724
702
686
678
671
663
651
648
647
639
628
621
611
604
607
616
629
653
665
677
701
721
753
759
745
712
714
707
680
662
652
661
694
729
759
756
731
731
740
771
713
705
722
724
698
686
688
690
747
765
754
726
699
685
675
669
672
691
708
691
665
649
636
639
656
693
723
738
746
734
745
744
771
774
783
781
762
756
782
805
806
771
766
781
813
809
813
807
792
774
754
753
754
760
743
728
739
758
726
693
671
655
662
681
703
718
721
706
729
749
762
734
729
729
732
744
722
721
759
758
747
714
704
699
696
705
710
718
721
691
680
685
667
667
643