676
688
716
737
739
764
780
775
799
853
880
846
803
795
796
796
783
745
734
726
710
701
701
703
691
657
662
672
663
659
653
643
635
627
616
604
595
593
597
613
632
614
628
646
659
714
747
751
765
783
822
831
789
769
787
786
764
747
756
762
768
746
746
762
762
755
743
750
765
777
753
751
759
762
762
758
731
728
734
733
718
701
693
702
716
722
711
703
691
682
669
660
649
657
650
643
633
636
649
653
652
658
664
670
666
649
647
654
663
677
677
682
691
711
717
704
704
719
739
734
729
735
732
714
678
672
679
696
717
724
728
732
755
774
752
729
734
750
754
731
732
750
754
734
721
729
739
751
730
719
729
742
733
722
719
729
738
719
715
721
734
744
720
717
719
729
731
724
719
693
693
689
684
697
713
734
730
712
698
702
712
725
728
722
710
704
717
729
737
718
706
707
716
716
718
702
692
689
697
704
703
691
687
688
699
713
718
704
699
701
715
730
728
713
710
709
712
708
701
700
711
719
731
718
713
719
724
710
702
707
714
727
709
707
717
725
742
727
718
718
720
718
707
698
696
700
705
701
686
672
673
694
693
695
693
692
701
712
726
716
703
699
700
705
707
694
688
687
690
694
698
688
680
675
683
685
678
661
638
641
661
663
680
680
681
684
688
699
719
709
699
700
710
716
707
697
695
694
698
701
691
688
690
693
703
704
696
693
699
714
730
707
695
694
704
713
718
704
697
695
698
706
706
699
698
700
705
707
698
689
691
681
667
639
637
637
644
655
660
669
678
681
695
704
706
696
694
692
695
687
677
670
663
663
667
669
672
674
685
696
698
689
686
688
698
710
708
699
699
714
721
718
706
706
704
690
669
654
653