840
811
830
889
913
922
962
896
904
922
880
884
845
816
805
823
828
820
824
855
871
863
908
922
880
938
967
921
997
1029
1006
1146
1064
1023
1055
990
979
1011
972
1013
1069
983
980
1017
959
994
1029
923
931
955
976
948
1043
1003
939
931
948
923
944
926
882
901
961
914
959
1025
963
990
1026
948
953
965
939
930
928
914
905
931
850
826
872
917
887
869
947
954
918
965
1022
947
951
932
895
931
1176
1021
1063
1029
956
1024
1058
994
1061
1008
1019
1055
1034
1020
1051
1063
1027
1047
1033
1009
1044
1043
1032
1065
1046
1021
1047
1026
1009
1025
1033
1023
1038
1020
1033
1043
1029
1044
1070
1047
1041
1066
1043
1043
1058
1052
1046
1070
1047
1036
1058
1044
1037
1050
1040
1033
1065
1064
1045
1068
1051
1026
1059
1056
1037
1060
1071
1041
1086
1079
1032
1071
1078
1047
1061
1068
1049
1026
1065
1052
1022
1070
1067
1034
1052
1063
1034
1032
1049
1012
1009
1026
1024
1013
1030
1021
1012
1041
1028
1025
1055
1045
1022
1057
1045
1021
1052
1037
1019
1044
1025
1022
1044
1033
1017
1041
1030
1023
1053
1042
1027
1067
1057
1040
1069
1062
1038
1068
1055
1034
1079
1072
1032
1058
1062
1031
1045
1051
1027
1037
1057
1038
1019
1042
1032
1008
1042
1035
1020
1056
1045
1026
1065
1047
1030
1051
1044
1026
1073
1056
1041
1061
1052
1026
1051
1046
1024
1046
1051
1038
1050
1046
1021
1036
1052
1010
1039