932
983
902
921
932
985
979
879
909
901
863
906
904
851
833
1643
841
796
796
799
783
779
807
826
849
861
869
873
877
855
845
793
819
836
954
1016
1009
1077
1058
1002
924
924
937
942
854
813
840
874
872
915
974
988
911
914
922
867
877
894
919
868
902
948
909
934
936
956
921
855
876
915
915
962
992
992
968
929
912
904
867
894
885
891
942
974
1012
915
936
938
916
905
908
940
892
898
919
910
927
932
906
947
980
961
907
919
909
863
879
892
894
870
893
917
882
922
930
948
971
1039
1020
918
931
954
942
939
928
973
958
869
908
939
997
996
927
902
898
877
878
893
915
877
915
938
946
967
1000
997
918
914
903
875
925
939
917
1002
1023
949
989
974
891
884
877
889
921
848
896
875
835
845
823
832
826
804
844
869
873
901
899
927
914
877
898
896
885
909
934
878
896
919
950
905
948
928
898
934
935
887
932
922
916
938
928
922
926
905
922
871
895
906
862
889
898
866
881
892
867
889
898
874
901
910
880
883
930
945
946
962
941
943
941
902
926
916
892
927
911
903
945
899
907
901
858
887
901
840
862
850
823
853
884
863
896
912
913
891
878
906
877
862
877
885
853
886
896
862
938
938
907
888
888
864
858
860
859
873
907
907
879
906
913
895
868
824
802
805
859
949
1031
1063
1016
1016
997
926
929
922
939
901
910
913
904
893
928
930
970
996
996
944
943
915
855
850
850
853
863
918
908
904
930
887
854
882
888
855
867
860
828
829
813
788
829
881
893
847
888
935
962
906
919
917
854
884
916
938
908
864
884
879
866
866
898
876
855
890
905
844
874
891
830
848
815
831
823
875
890
865
923
910
991
952
938
944
937
902
924
939
957
937
924
868
857
854
870
905
945
956
941
874
883
896
905
912
887
840
871
885
906
931
932
883
894
885
855
872
899
877
882
907
901
895
897
870
850
869
849
853
893
889
858
901
910
856
884
902
871
900
895
906
915
914
901
896
875
805
825
832
894
946
1013
1016
1017
993
903
890
880
876
842
890
930
899
915
940
889
900
894
873
859
912
971
957
984
925
883
884
887
888
843
834
807
800
852
875
933
931
919
896
902
893
918
930
921
942
942
913
855
870
885
903
867
875
916
1002
941
883
903
893
901
883
841
855
851
858
879
858
931
891
953
961
969
912
970
946
948
886
888
883
914
924
892
921
903
924
925
905
928
938
895
890
868
847
835
875
881
913
949
1013
977
981
926
940
960
918
935
949
902
924
910
891
915
930
892
912
942
917
964
929
948
947
914
924
935
972
960
910
890
896
872
867
885
933
942
900
951
926
926
935
957
903
917
904
876
902
876
883
933
896
920
941
930
883
890
905
898
869
834
843
859
844
867
896
911
865
893
890
885
946
930
1001
1005
1022
959
937
902
829
847
842
831
797
802
778
789
792
789
776
786
796
796
792
795
776
768
791
804
842
894
844
872
884
872
919
968
966
937
894
918
920
877
934
980
930
969
952
896
834
850
966
1170
1138
979
979
1017
952
977
1051
998
1036
1008
948
950
936
929
952
974
956
1094
1067
994
1038
974
929
978
1029
974
995
966
939
973
991
939
1002
977
938
993
990
976
974
931
979
1025
997
1053
1113
989
982
1015
986
987
1078
1012
937
991
1049
1010
925
903
875
851
868
858
828
833
844
834
823
867
886
881
872
924
915
905
942
959
930
1014
1132
1042
1048
1058
1029
1035
1135
1063
1040
1051
1033
989
1101
1108
1015
1027
1086
1075
1046
1104
1034
980
1022
1004
966
1026
1009
964
1058
1037
979
1059
1056
1023
1114
1080
1006
1102
1063
1018
1047
1047
1026
1052
1043
1030
1070
1056
1030
1063
1055
1021
1054
1045
1021
1048
1041
1015
1046
1049
1014
1036
1047
1017
1027
1037
1016
1003
1039
1040
1016
1043
1051
1039
1013
1040
1040
1009
1022
1044
1043
1016
1029
1036
995
946
999
1014
989
1060
1044
1001
1060
1042
992
1015
1086
1017
993
1019
969
968
1045
1017
995
1055
1081
1043
1084
1113
1039
1082
1045
970
1030
1034
938
891
960
1169
1153
1069
1019
1035
1087
1050
1015
1036
1040
1055
1035
1056
1030
1007
998
1025
1042
1018
1045
1048
1021
1047
1036
1007
1025
1027
1004
1008
1029
1022
978
1011
972
996