741
807
826
786
779
809
759
735
713
705
700
747
836
799
739
781
835
813
733
724
753
852
845
792
713
714
721
731
694
703
716
717
724
752
764
732
742
734
678
663
766
839
854
804
734
806
834
870
820
766
732
794
886
893
820
741
754
804
906
934
850
748
742
809
852
818
747
711
691
714
819
795
772
747
736
715
759
848
830
765
728
713
771
854
856
785
751
803
856
857
787
729
748
798
871
934
863
847
845
841
813
758
818
837
855
846
799
827
844
860
781
739
790
829
836
790
803
834
859
827
795
829
852
898
796
830
865
907
840
810
820
837
762
796
854
881
827
752
791
833
840
756
748
815
824
797
751
802
831
839
795
787
824
832
785
748
810
821
813
744
789
825
820
752
773
830
840
772
757
822
836
808
768
852
867
839
764
795
823
806
747
812
823
820
749
770
826
814
757
750
817
834
798
762
822
822
770
739
790
793
767
735
813
799
813
723
738
768
806
756
707
734
753
753
696
710
712
736
743
810
725
737
791
813
736
723
754
801
778
733
762
823
808
739
806
829
831
763
797
810
794
742
824
862
827
803
835
849
771
781
823
823
767
799
817
813
771
803
815
825
750
711
757
820
799
741
841
836
817
744
808
823
810
742
813
819
822
767
830
846
845
771
795
816
802
755
817
833
793
743
813
783
726
709
716
708
793
835
751
780
816
814
759
783
820
859
820
799
848
888
821
770
824
794
737
716
725
757
812
784
729
706
778
894
911
835
826
861
904
897
832
840
864
855
768
738
839
798