789
843
862
889
856
815
756
688
651
792
806
872
863
857
869
779
809
806
770
758
755
688
688
685
707
705
631
642
676
700
743
744
767
753
690
679
700
730
742
772
809
832
807
779
824
786
806
777
693
711
724
760
758
785
822
801
743
702
715
752
806
704
708
826
831
775
809
742
733
779
781
784
779
652
697
676
677
689
623
672
691
715
757
790
795
802
775
748
718
688
666
655
658
664
698
736
807
833
843
864
826
760
771
771
735
713
666
625
644
632
629
619
644
628
746
662
636
632
667
723
841
862
874
866
866
752
769
781
686
750
741
713
704
706
670
676
696
745
754
767
708
716
716
727
754
756
818
832
834
725
831
777
729
718
688
689
705
736
741
756
820
814
843
808
804
791
804
746
763
807
790
791
777
841
887
833
724
709
756
776
778
788
785
763
727
723
683
749
783
795
793
741
770
682
741
749
797
759
738
729
721
749
696
745
679
701
779
799
836
832
733
756
726
710
786
774
767
760
662
700
708
727
754
744
740
744
760
753
740
787
781
809
805
765
758
711
718
688
665
699
725
698
665
659
697
760
812
835
848
795
745
732
704
702
715
708
698
674
716
742
758
781
784
729
703
713
729
743
764
764
737
735
747
695
651
683
846
818
824
852
846
771
789
794
785
742
727
763
795
813
814
826
784
771
760
735
672
701
695
667
653
680
654
717
682
722
774
808
826
787
778
788
715
690
673
671
649
657
622
624
640
611
637
864
805
822
877
846
832
790
755
674
695
656
675
672
680
698
759
790
774
697
751
749
780
756
729
703
666
663
658
699
766
833
788
797
808
791
859
894
858
820
761
828
821
791
753
760
748
704
651
645
669
744
817
790
811
811
804
772
733
704
709
744
783
782
726
752
755
743
678
776
798
840
849
839
776
809
804
800
787
828
797
786
776
704
702
729
765
765
718
729
761
764
727
743
775
745
747
719
735
662
609
633
631
633
655
689
702
688
762
787
813
817
753
766
788
767
773
775
642
707
660
666
647
700
679
691
702
689
662
648
606
574
603
603
599
608
588
583
572
600
595
596
592
627
678
762
771
809
799
741
733
721
774
820
806
822
800
764
714
655
677
666
689
687
691
702
671
689
817
835
857
856
873
842
725
671
681
642
619
612
628
643
703
754
688
902
920
948
918
866
855
813
753
746
740
720
699
688
654
656
672
702
856
895
898
877
806
738
668
712
654
746
753
806
807
793
724
697
698
743
773
671
795
670
741
772
769
772
756
747
765
760
697
740
719
716
696
712
743
672
775
773
796
827
778
772
783
797
665
743
704
737
727
727
732
724
675
722
692
762
741
727
735
742
740
699
694
703
742
737
729
731
779
707
797
808
800
787
793
798
829
754
740
639
689
747
771
801
813
835
826
838
820
754
749
710
752
742
730
717
692
679
673
681
689
766
779
745
792
795
810
729
701
792
769
738
830
839
823
787
794
786
759
729
730
710
730
765
833
859
844
789
822
787
783
790
723
723
723
732
696
689
728
714
793
839
861
869
811
812
796
771
765
734
723
713
711
731
787
798
822
841
874
833
818
812
800
770
741
740
703
698
755
796
700
766
787
791
739
716
658
644
648
646
662
640
624
674
729
778
769
690
708
644
666
648
651
662
656
640
614
607
623
632
640
627
669
670
688
700
712
712
683
661
657
699
783
826
822
876
815
762
734
729
705
700
667
647
663
694
748
769
708
779
796
806
787
702
707
751
799
733
673
661
710
740
802
775
809
801
710
767
771
759
689
660
750
943
901
898
881
848
805
763
689
677
656
661
700
756
791
820
810
803
800
767
726
670
652
667
709
723
764
791
799
744
820
850
841
782
746
750
757
715
747
743
810
854
868
830
818
735
780
771
706
701
771
848
896
897
854
721
719
792
818
857
844
826
828
816
808
769
714
690
670
696
752
852
839
837
788
799
762
727
744
806
814
771
742
783
813
798
755
737
760
880
912
869
842
859
859
860
814
860
874
881
838
791
827
822
818
821
807
772
719
748
753
802
827
842
812
784
755
764
766
780
834
824
828
821
796
784
705
672
676
711
779
801
929
945
937
897
814
759
700
829
925
926
890
867
737
679
688
714
762
788
833
855
884
822
818
878
876
851
819
839
795
771
794
799
797
851
809
865
841
888
820
759
721
714
724
801
828
828
830
813
809
829
773
762
757
712
706
665
706
724
697
829
858
805
708
691
726
972
970
937
858
782
748
821
853
826
751
692
723
773
804
823
791
800
801
778
817
813
811
762
766
803
813
850
825
767
781
815
822
834
818
769
752
793
862
855
820
777
837
831
822
816
738
733
789
820
854
822
854
896
829
827
854
824
772
733
677
694
668
656
643
676
746
842
877
884
887
847
840
740
731
748
817
776
707
726
749
826
810
794
750
678
706
646
652
679
736
816
848
785
796
745
799
783
708