618
670
752
774
798
786
826
751
697
682
691
720
673
664
688
740
695
677
677
706
737
702
689
689
757
872
793
729
736
736
706
678
661
668
653
658
713
821
805
726
703
720
764
795
793
739
717
716
762
824
854
842
746
696
683
709
767
770
742
722
758
838
809
737
711
735
784
838
832
771
813
832
780
726
714
712
755
773
747
735
765
828
777
740
716
720
751
737
701
686
683
710
761
764
720
708
709
745
781
791
732
705
681
694
737
816
783
735
711
727
755
758
703
686
711
733
784
715
697
687
711
772
817
817
747
714
706
735
760
771
715
696
684
697
717
750
699
696
714
668
656
641
661
670
678
663
659
662
671
687
710
688
669
681
732
767
750
722
705
744
772
744
708
702
746
787
750
697
676
682
715
735
708
668
673
673
651
646
645
626
614
651
692
678
663
646
650
674
698
716
706
688
695
698
729
708
673
659
669
692
707
724
716
738
771
766
736
724
741
759
746
700
682
680
731
809
748
715
701
739
748
705
691
720
755
737
700
680
690
744
777
732
695
694
733
735
712
701
686
682
713
743
753
707
680
682
706
733
719
693
677
679
706
733
736
715
749
773
779
746
733
760
743
702
692
717
727
712
675
679
696
752
735
702
679
699
733
745
711
685
666
660
687
726
752
717
706
744
741
714
682
662
675
703
697
686
676
690
713
727
692
683
696
714
676
655
647
661
671
673
653
645
645
655
668
679
655
641
636
644
679
716
688
666
649
649
650
670
676
648
639
627
639
656
681
673
657
647
647
654
668
685
654
642
644
658
669
688
668
658
665
688
708
693
678
678
701
696
690
673
656
673
700
746
721
692
717
738
741
702
676
650
658
674
727
706
679
656
657
675