679
674
687
720
779
748
768
756
717
684
680
704
1136
938
874
806
714
728
711
692
666
673
692
712
671
685
455
832
686
698
725
737
695
688
699
738
776
788
754
754
442
911
687
674
680
741
951
915
808
794
827
800
769
772
755
708
711
709
715
698
681
696
677
660
658
705
674
679
722
809
867
802
753
709
692
677
667
666
690
764
777
833
750
757
712
688
687
686
733
802
873
844
836
791
739
742
712
700
683
717
693
667
671
657
669
674
666
676
702
751
889
827
793
794
805
778
729
724
732
785
774
816
787
810
813
768
758
753
708
694
688
691
723
771
729
771
807
777
726
735
752
764
778
783
739
711
706
693
679
675
664
684
940
864
812
746
731
745
738
737
736
732
721
711
669
674
695
753
813
948
907
841
753
701
697
689
697
698
683
686
697
695
685
679
702
741
736
787
841
831
728
717
706
705
714
731
712
745
794
798
732
734
704
676
668
665
672
652
657
674
714
720
704
781
778
733
743
748
767
699
718
734
759
725
740
749
726
698
722
725
738
708
713
720
718
690
723
745
712
707
748
744
706
548
926
753
693
702
747
736
694
719
732
765
711
711
766
725
437
893
701
716
676
673
685
739
749
675
712
756
746
675
707
725
714
683
701
743
726
736
727
708
715
762
780
762
704
684
673
648
646
660
685
765
737
811
833
824
770
731
725
706
719
715
718
767
793
760
737
750
763
719
689
696
744
809
842
826
769
771
706
688
687
704
791
871
770
785
851
806
752
753
776
792
785
839
857
785
805
773
717
729
790
770
821
840
760
764
770
758
752
721
673
656
662
703
782
751
767
770
702
682
678
709
1007
860
766
753
768
719
718
713
700
682
687
727
826
919
863
881
924
857
832
788
768
732
760
753
774
790
765
753
807
847
811
773
725
728
706
683
693
694
702
736
712
715
735
765
738
722
751
494
1041
751
758
433
938
688
680
665
650
704
718
691
767
851
722
707
714
709
706
700
696
677
677
668
662
643
639
636
650
661
652
671
706
737
697
745
825
882
788
733
751
778
745
734
758
810
836
876
829
773
771
784
772
770
801
834
803
730
708
701
735
813
941
818
791
781
789
764
762
748
737
692
696
687
705
462
889
696
667
676
696
762
433
920
730
743
735
748
747
751
716
694
703
730
801
792
754
771
785
742
704
707
749
800
725
728
735
741
704
688
699
726
740
703
704
726
767
779
728
747
762
772
732
717
747
766
750
738
437
994
746
724
755
798
796
740
726
715
717
747
715
692
675
657
646
678
801
773
782
833
839
756
743
722
726
690
710
735
732
685
701
766
875
758
742
485
1032
807
767
780
770
732
742
771
800
809
765
725
750
779
768
791
808
786
785
794
740
720
737
774
803
757
752
794
759
790
793
722
707
710
714
739
718
691
700
693
688
704
682
429
934
745
750
759
717
732
789
857
835
762
825
819
732
738
795
741
764
777
773
755
740
689
682
683
682
438
826
653
633
635
709
711
741
832
862
788
751
768
765
706
696
720
775
817
760
776
813
831
752
773
784
438
939
688
671
681
1218
1011
962
966
822
730
736
763
865
880
483
1030
836
844
767
776
844
911
821
809
837
847
784
778
813
835
832
801
843
860
798
768
793
799
764
733
737
771
756
735
774
794
774
757
794
839
822
803
804
795
739
772
826
752
766
766
769
715
725
730
710
701
720
736
748
708
719
744
775
755
739
736
702
672
668
681
724
688
693
694
865
801
702
712
709
682
678
674
691
678
687
705
736
768
763
520
968
819
862
766
719
742
780
822
817
759
759
801
847
872
815
824
816
827
431
939
771
777
816
814
823
933
957
861
808
539
1052
770
726
742
814
897
829
839
894
836
762
758
758
736
789
789
727
718
741
757
725
723
736
756
751
719
699
732
783
798
748
730
734
747
712
704
759
843
859
842
764
768
786
837
896
798
799
871
891
846
787
820
830
838
772
767
800
842
847
779
794
827
854
801
759
779
824
843
760
780
792
785
738
737
745
772
785
762
795
792
742
717
722
705
686
496
782
657
679
779
743
706
748
777
764
709
731
735
762
711
694
742
854
862
774
822
881
831
786
804
838
799
777
831
892
853
761
821
846
817
771
820
868
803
767
797
842
816
771
804
874
800
739
734
773
834
783
738
759
785
790
759
785
812
844
781
775
851
862
843
793
831
859
837
764
763
793
834
754
792
813
871
770
757
777
783
758
741
797
896
819
758
764
789
776
723
732
750
770
721
483
957
737
721
721
745
761
742
769
830
785
731
762
784
778
714
723
752
729
728
750
750
716
733
809
844
769
795
819
800
744
749
802
896
809
748
764
782
821
745
716
700
707
952
1017
942
877
783
748
774
845
840
809
769
803
856
860
800
803
822
813
760
764
788
833
858
796
863
881
812
779
813
826
835
771
781
767
729
740
723
698
690
695
672
682
689
726
785
716
701
717
747
823
793
729
740
759
829
755
766
818
766
434
927