658
638
632
638
666
425
930
729
739
426
901
711
769
768
689
715
702
729
704
732
754
740
694
666
690
729
761
500
961
792
824
795
728
742
810
901
837
750
792
824
776
736
435
947
755
784
745
711
740
877
953
879
780
776
841
881
858
773
739
765
812
881
789
774
813
886
873
775
733
743
787
860
864
799
744
751
776
807
851
770
759
821
855
835
787
737
754
788
814
844
778
767
815
863
854
775
746
774
835
888
856
764
757
785
840
872
785
764
786
825
863
845
799
813
842
783
829
838
555
992
777
799
753
740
780
857
831
711
710
729
760
818
734
708
723
432
938
746
729
703
708
760
922
913
790
756
794
878
832
755
756
807
825
800
745
752
761
795
777
480
959
751
765
732
711
751
806
825
759
735
737
752
772
762
729
749
771
810
776
751
769
773
763
717
713
727
770
781
740
788
823
835
757
729
740
757
733
710
721
747
784
761
431
875
683
682
1122
954
860
799
765
714
696
697
714
776
838
819
737
729
760
816
832
818
744
442
915
751
781
818
785
769
813
832
813
759
745
755
771
777
749
723
746
752
756
433
898
697
706
720
736
720
714
769
812
834
769
732
740
759
763
754
717
715
727
739
724
715
729
734
771
742
717
747
740
719
701
692
672
662
645
643
640
636
646
695
860
899
834
753
712
716
749
826
830
748
781
885
926
829
760
733
737
790
840
783
824
895
846
794
731
743
771
831
833
738
733
741
781
764
713
733
784
805
792
733
738
763
836
839
835
776
763
784
821
862
801
774
809
487
1032
826
761
774
794
803
800
751
780
858
857
776