753
775
803
776
766
756
726
716
722
710
755
760
729
761
771
779
735
764
736
709
698
702
711
728
730
718
707
718
735
790
869
914
834
786
782
810
811
823
814
763
807
820
831
858
799
813
796
789
743
765
781
811
779
747
766
808
831
834
790
767
800
807
843
823
795
811
842
833
836
785
813
822
827
778
815
829
787
809
844
848
774
804
818
814
756
731
742
750
803
746
728
754
757
717
715
755
784
808
809
787
769
768
778
775
805
807
775
773
821
833
840
848
834
781
806
785
785
806
790
752
751
740
741
714
697
701
705
740
829
875
863
777
746
764
786
820
853
819
789
785
830
872
870
864
801
782
792
826
831
812
787
791
856
881
875
819
787
803
823
825
862
809
821
860
880
869
818
807
829
832
840
815
771
780
787
800
865
857
956
968
899
847
870
856
806
792
807
810
751
729
727
748
761
772
747
763
779
776
756
735
728
697
714
738
769
729
721
740
747
746
744
722
731
753
763
766
737
771
779
788
750
743
763
782
765
738
736
750
778
788
752
739
760
749
735
702
712
723
722
706
707
696
697
705
700
704
688
693
690
686
685
676
674
672
661
655
666
704
730
722
718
743
754
772
730
721
704
696
715
743
742
724
743
778
796
814
776
736
755
760
784
765
738
767
817
841
787
812
824
810
766
748
764
772
756
731
724
757
762
768
744
754
796
810
758
726
727
721
726
698
699
736
753
750
765
736
725
727
741
731
717
705
686
688
670
654
657
672
672
671
685
716
773
810
855
806
771
769
766
788
815
822
804
765
750
770
779
810
816
814
828
784
765
751
733
740
722
706
725
717
731
725
698
703