709
702
712
735
770
793
794
771
750
762
768
774
758
742
744
748
753
757
756
741
752
774
786
774
767
771
772
769
758
758
771
765
743
695
650
644
639
629
626
628
635
634
639
652
673
689
697
696
698
702
708
714
715
710
712
718
720
720
723
734
746
744
740
747
753
760
748
739
719
705
702
714
727
725
730
743
760
764
757
740
738
736
728
729
743
751
770
770
754
723
732
715
701
704
717
709
719
734
738
744
743
762
771
788
787
774
785
723
688
695
704
729
741
764
793
794
770
761
759
745
738
731
732
741
753
762
765
774
783
778
765
772
761
743
726
726
728
728
742
754
772
760
753
751
747
738
726
720
726
724
724
723
727
740
751
749
746
748
760
752
738
734
729
731
722
719
722
730
735
734
731
728
751
769
750
717
717
711
737
759
785
768
701
693
693
700
726
763
776
763
746
752
753
752
737
741
745
746
748
750
760
774
775
771
768
765
783
767
750
744
751
759
770
772
771
771
767
751
738
738
741
749
748
754
770
771
771
760
764
769
756
746
758
770
773
762
773
777
777
768
758
771
765
754
738
751
753
771
755
753
750
752
763
762
770
784
791
782
773
770
768
764
757
768
780
787
785
781
797
797
792
776
772
770
769
765
770
785
791
789
778
768
753
711
674
652
649
662
688
722
741
770
771
767
758
753
752
738
718
706
718
731
737
734
741
759
771
776
771
763
751
749
742
735
747
756
754
744
712
699
702
692
684
706
759