661
683
678
675
696
698
704
712
722
737
729
708
703
701
711
730
734
731
746
743
760
741
730
726
729
729
735
736
730
723
709
705
698
704
699
701
720
705
693
707
719
719
723
722
750
755
761
768
746
735
727
731
731
729
720
723
727
714
703
693
688
680
661
669
675
697
706
731
767
767
755
780
789
788
777
756
745
761
764
767
748
750
755
760
752
769
772
764
768
768
762
765
776
780
771
761
754
739
757
740
744
759
783
835
852
856
865
849
817
817
813
783
755
769
774
789
762
756
762
763
746
749
740
754
773
780
780
784
789
787
764
747
733
739
757
766
776
787
770
760
753
763
768
784
772
772
769
765
760
750
733
695
692
693
693
686
693
690
690
697
724
727
735
721
726
736
736
728
753
749
747
735
715
683
692
694
702
710
739
767
782
755
763
772
746
746
761
773
761
739
737
737
746
741
746
739
751
773
792
789
784
767
762
753
780
791
791
812
857
880
835
806
812
831
817
778
775
781
824
879
866
811
804
784
770
778
799
807
757
721
701
715
737
782
812
800
803
822
821
802
778
781
798
796
780
762
767
801
796
771
761
775
780
789
767
758
739
715
706
713
718
733
770
800
806
812
777
766
762
744
740
737
738
745
747
748
742
766
755
755
743
732
750
757
744
735
734
728
729
740
731
744
749
736
735
742
770
777
744
719
711
680
666
669
698
729
747
781
811
815
792
777
768
750
754
741
722
714
727
747
737
753
780
779
779
783
762
738
742
738
754
764
772
802
816
787
767
774
746
718
688
658
665
683
690
721
747
769
780
836
821
780
768
757
751
732
732
748
768