965
1026
1020
1128
1190
1002
968
1077
958
954
890
862
853
798
792
772
746
730
738
746
819
889
909
973
1018
974
940
993
1144
1029
886
836
797
759
752
873
1295
1187
1247
1184
1238
1151
1094
1166
1154
1124
1253
1212
1139
1138
1135
1197
1229
1030
1104
1129
1077
1061
1140
1135
1024
1093
1057
1053
1069
1104
1093
1060
1150
1150
1022
1059
1114
1126
1119
1141
1058
1007
1066
1076
1030
1016
1059
1159
1227
1009
924
950
1056
1137
1080
1063
1128
1253
1101
1072
1098
1152
1149
1034
1072
1187
1247
1087
1002
1049
1179
1188
1051
1055
1136
1165
1074
990
983
1081
1122
1212
1114
1067
1064
1080
1119
1149
1022
1046
1114
1107
1091
1077
1010
1026
1087
1127
1172
1115
1047
1051
1078
1103
1074
1024
990
1051
1097
1137
1150
1062
1011
1028
1064
1113
1096
1011
1012
1063
1157
1208
1076
976
933
1011
1197
1188
1139
1068
1021
1062
1101
1121
1102
1013
1021
1050
1069
1125
1146
1022
992
1097
1159
1067
990
1014
1011
1042
1006
1104
1162
1093
1063
1099
1090
1048
1028
1048
1085
1060
1021
1049
1038
1046
1079
1078
1060
1056
1034
1077
1051
1081
1111
1103
1093
1122
1040
1072
1084
1031
1008
1020
1021
1072
1123
1084
1095
1146
1138
1111
1098
1017
992
1017
1004
1041
1137
1162
1094
1173
1117
1088
1083
1049
1049
1116
1131
1101
1036
969
991
1071
1087
1224
1264
1133
1131
1113
1011
1015
1167
1061