457
1179
1210
1199
1104
1022
1052
975
961
959
909
1009
1132
1166
1073
899
882
938
883
879
917
1080
1172
1163
1128
1092
1033
1016
988
913
982
1157
1180
1096
1055
1020
946
890
847
811
818
861
815
846
922
1211
1150
1059
992
847
813
815
926
1108
1078
1020
993
911
843
822
845
935
958
1148
1245
1199
1089
1060
1017
1060
1076
1030
1061
1086
933
961
1089
982
993
1085
1104
1069
1005
958
902
906
926
903
878
882
1023
1086
1039
998
923
882
829
785
830
1039
1221
1102
1114
1126
1025
1022
980
901
982
1148
1132
1109
1136
1058
999
933
911
869
911
969
953
1169
1224
1168
1072
969
955
934
916
851
831
786
829
898
985
1055
1028
998
922
961
1063
1125
1085
1032
918
884
833
802
864
997
1083
1014
961
930
879
844
839
835
850
801
826
833
868
817
865
909
999
979
1065
1076
1097
1009
990
885
828
964
1215
1200
1217
1161
1134
1134
1062
1033
1052
1024
1003
1061
1129
1143
1108
1023
988
954
1003
970
1088
1069
1098
971
955
961
933
899
884
915
872
880
867
885
983
1010
927
854
866
839
819
795
849
878
1015
1114
1096
1014
1032
988
939
932
886
861
906
990
1058
1083
994
980
974
884
905
953
1087
1095
1061
1032
990
980
894
908
983
996
1001
1069
971
869
859
821
789
773
772
964
1130
1132
1105
1039
949
885
817
798
833
844
842
815
806
819
917
995
1014
1067
1045
1031
1002
963
936
916
911
929
902
858
870
892
937
865
840
845
827
804
791
804
896
1018
1063
1011
899
854
810
806
857
822
889
889
928
869
891
898
907
967
952
917
898
943
1003
1011
946
938
935
950
974
973
944
912
837
838
840
870
903
846
864
883
938
977
990
882
843
805
797
927
1161
1219
1179
1140
1002
920
899
895
819
825
813
847
922
1009
1000
1000
969
905
845
839
818
833
897
1027
1052
1122
1094
1018
948
883
939
967
1072
1116
1061
1003
924
886
855
797
818
811
825
918
1041
979
936
942
928
911
901
886
856
906
1009
1076
1074
1035
1020
984
952
906
848
824
835
842
833
822
815
840
996
1057
1062
1012
930
918
929
904
894
882
884
903
954
960
990
1017
1072
1053
990
944
889
827
793
771
760
743
743
757
854
1078
1060
1130
1019
996
958
893
822
773
805
817
896
903
930
991
1038
910
880
833
887
853
918
1023
1054
1016
964
940
859
840
803
805
818
850
944
1068
1116
1133
960
938
946
983
988
915
853
796
807
857
1023
1044
1007
1051
1014
981
938
914
920
931
914
882
839
824
790
785
798
813
890
1027
1099
1077
984
897
814
813
810
849
897
982
919
896
878
895
920
927
848
872
842
879
861
842
852
896
942
1091
1165
1130
1131
1113
1095
994
965
928
905
889
924
855
876
950
1077
1113
1097
1035
971
936
984
1048
1036
930
937
974
946
900
845
834
813
773
772
780
760
789
787
837
902
937
940
920
882
842
816
815
769
762
788
835
791
950
1054
1044
1049
1107
1059
999
1001
957
974
1030
1095
1113
1158
1203
1121
1189
1113
1084
1041
1345
1292
1042
832
813
946
1214
1376
1195
1037
1135
1273
1169
1063
966
991
1146
1318
1337
1171
1160
1168
1214
1111
1042
1431
1373
1241
1274
1253
1182
999
1053
1474
1329
1201
1204
1145
1159
1143
1071
1142
1195
1145
1075
1061
1123
1249
1145
1063
1059
1089
1152
1140
1065
1099
1099
1084
1069
1050
1158
1307
1178
1069
1011
1053
1112
1152
1152
1050
1048
1110
1147
1120
1062
1055
1136
1231
1122
1028
1036
1110
1229
1283
1173
1104
1012
1224
1305
1200
1172
1117
1066
1080
1179
1305
1163
1131
1037
1032
1075
1187
1343
1231
1133
1052
997
993
1041
1237
1316
1228
1124
1053
1013
1083
1174
1331
1274
1211
1247
1283
1164
1084
1070
1215
1311
1118
1053
1059
1163
1218
1115
1076
1186
1339
1188
1120
1127
1163
1192
1260
1183
1135
1167
1144
1058
1039
1088
1086
1107
1203
1181
1025
1020
1045
1008
1011
1069
1168
1180
1132
1073
994
1010
1036
1007
978
1060
1119
1055
1095
1133
1066
1104
1077
1107
1207
1061
1003
1052
1081
1077
1187
1257
1144
1135
1083
1200
1250
1077
1049
1155
1097
1064
1268
1320
1184
1104
1118
1202
1216
1185
1146
1115
1095
1048
1075
1172
1186
1080
1008