720
740
756
742
728
707
699
699
718
728
731
726
725
689
666
638
627
633
637
637
644
653
665
675
689
710
721
720
722
722
716
697
690
699
709
710
725
739
751
754
753
741
725
700
699
695
715
723
729
734
757
766
754
754
761
755
744
733
737
731
734
747
760
782
779
746
719
713
714
727
747
758
760
754
771
787
795
811
789
763
727
710
708
717
726
737
743
713
672
666
670
675
694
703
714
710
737
731
735
725
743
729
718
723
727
736
719
722
735
734
727
731
725
717
710
731
737
732
711
718
724
715
717
707
709
666
662
698
728
771
768
755
744
738
739
734
734
739
719
716
711
715
736
735
736
750
740
743
747
744
759
754
744
738
728
721
726
739
743
734
738
754
755
767
771
770
754
750
739
731
726
743
750
746
745
750
761
763
765
771
775
759
736
710
691
682
689
730
768
774
789
787
790
772
753
761
768
768
746
725
694
698
719
759
772
771
779
804
820
828
798
767
733
708
688
678
681
682
702
712
744
765
775
757
753
762
771
762
744
751
749
768
766
730
708
688
704
743
800
815
776
747
774
773
743
767
767
752
717
711
697
707
729
749
749
753
777
768
757
746
737
737
750
759
762
748
736
733
742
737
741
763
804
742
701
702
704
688
689
706
726
729
696
688
688
698
691
681
686
715
743
758
729
714
715
721
725
728
717
712
703
689
685
698
728
748
765
771
752
729
727
726
749
767
787
746
725
720
701
698
697
712
750
760
758
771
790
797
784
792
780
763
745
745
752
753
767
774
767
759
759
755
740
754
749
723
724
710
705
691
701
700
720
744
786
790
776
783
782
780
763
756
750
756
774
805
791
785
778
770
743
760
769
770
778
763
765
771
777
754
748
753
765
782
755
756
712
721
731
748
730
719
747
774
813
847
836
813
807
789
773
702
677
682
706
740
774
775
776
781
785
778
766
779
794
780
773
771
783
807
819
813
825
826
823
790
781
777
779
782
811
857
854
856
877
865
809
787
772
755
766
789
803
823
822
814
792
752
739
743
736
738
739
752
755
753
749
736
723
710
692
663
646
643
653
668
675
673
676
690
684
690
720
741
724
725
729
710
719
731
746
703
721
730
742
727
694
687
703
717
716
726
707
681
659
646
666
676
654
663
690
721
755
782
787
755
736
712
690
688
670
657
659
657
667
677
699
731
738
748
760
773
788
791
786
776
759
750
764
773
785
776
761
732
690
694
702
752
845
880
880
887
827
799
783
779
775
808
808
782
731
676
668
697
795
831
864
935
916
924
929
927
852
828
820
790
741
751
723
708
719
732
751
787
807
808
813
828
797
771
716
687
660
650
647
646
650
664
687
716
718
702
687
670
668
677
679
656
654
655
664
684
705
745
787
821
804
805
805
770
755
728
692
682
669
665
684
701
729
735
767
777
776
764
772
787
790
793
791
786
795
805
791
784
791
795
793
773
770
775
797
803
801
804
810
803
796
813
827
805
743
680
642
627
623
642
694
813
962
931
840
803
794
798
776
730
704
685
659
643
631
623
612
601
594
589
588
597
614
607
602
595
589
592
603
617
641
667
727
778
813
808
777
768
735
722
728
702
693
705
739
765
777
782
790
775
756
768
773
758
761
763
751
725
721
705
718
719
750
775
784
781
789
794
797
777
760
760
759
759
762
761
742
697
699
704
717
693
671
658
665
685
709
757
765
766
737
730
731
741
724
724
739
758
745
756
771
735
778
787
806
833
824
832
826
751
712
689
694
751
787
793
783
743
700
687
677
673
698
736
754
777
754
707
678
665
673
688
719
726
700
665
639
625
629
629
617
605
591
582
580
585
599
642
740
847
841
829
810
780
723
708
715
741
753
769
787
821
834
819
793
750
741
762
782
795
795
795
796
780
757
711
681
678
675
673
663
656
640
626
642
682
762
795
808
832
817
804
804
802
804
795
775
780
786
777
754
746
737
738
730
754
786
826
820
837
836
813
796
791
788
783
780
785
806
813
845
857
851
825
828
841
809
771
757
763
769
764
774
794
787
765
767
778
774
757
743
745
756
768
759
735
735
744
758
753
734
756
771
788
787
779
786
797
801
791
771
772
773
763
752
753
767
778
773
770
781
803
794
778
769
772
788
791
773
765
762
741
709
703
717
729
734
751
779
791
787
805
813
805
772
772
773
774
761
756
780
794
792
776
785
801
801
785
790
791
793
771
766
772
780
772
764
779
791
777
758
764
776
777
769
754
764
777
772
761
780
794
793
785
785
790
761
716
700
719
768
782
788
808
824
831
812
801
801
804
784
763
758
757
744
719
688
657
637
639
641
634
638
662
708
692
682
710
742
751
750
765
779
782
756
751
753
765
734
693
662
647
646
646
671
699
746
815
861
861
834
826
813
781
752
704
704
690
673
662
661
655
645
645
666
715
746
763
768
779
798
798
779
776
789
784
779
760
750
707
674
680
683
727
815
839
797
787
786
792
783
762
768
782
800
795
789
800
829
824
798
766
746
732
729
712
690
688
700
750
736
741
766
758
742
766
802
799
761