689
695
710
718
719
710
713
714
705
691
683
675
649
611
593
604
588
602
600
604
597
599
594
606
624
652
648
671
641
690
648
928
825
758
728
728
751
775
805
821
801
772
779
781
767
746
725
719
705
688
670
663
676
692
709
755
770
756
731
729
720
726
746
769
740
724
722
721
726
746
768
759
737
718
713
713
715
736
755
761
739
719
717
709
710
725
752
743
733
732
731
726
704
685
679
680
675
678
686
665
750
738
733
727
734
740
747
748
730
710
702
693
687
710
775
846
820
771
754
763
763
753
729
711
698
693
688
680
683
690
709
715
664
712
633
879
768
782
751
733
733
730
735
765
776
754
734
732
735
737
761
788
790
745
732
732
728
738
755
766
741
724
715
713
710
717
713
716
709
703
700
700
697
696
704
715
710
690
688
686
680
686
707
719
713
679
656
642
812
719
729
733
724
719
715
715
713
721
741
751
732
728
729
718
705
688
678
677
672
677
683
692
706
727
739
724
720
711
709
716
742
752
767
761
747
736
736
728
727
727
727
712
704
704
703
716
746
753
740
731
729
732
733
731
739
726
700
695
691
688
688
715
738
759
740
723
707
705
698
696
719
749
743
729
722
722
726
731
743
739
726
711
702
698
693
709
738
772
776
766
743
736
736
741
761
798
790
772
742
730
729
728
756
785
779
750
739
733
735
750
767
749
730
723
720
716
723
731
731
719
714
712
709
709
720
713
709
711
710
720
733
735
717
708
712
711
723
719
704
699
702
694
688
676
664
657
661
642
707
713
732
752
740
732
726
716
712
699
690
689
686
694
721
748
735
721
725
717
717
709
703
700
700
694
693
702
724
744
758
758