708
695
693
704
722
769
770
780
746
718
706
685
669
664
636
646
601
605
600
668
626
750
725
687
666
660
651
636
631
610
622
604
606
604
606
612
643
634
711
672
699
622
714
619
757
728
678
664
654
646
641
608
603
659
668
749
743
745
784
784
761
745
726
720
716
711
709
695
688
683
678
663
663
649
647
662
676
686
698
715
721
720
658
757
701
702
691
663
664
656
614
655
701
723
715
706
703
693
684
681
678
673
666
657
653
644
618
614
628
609
612
674
616
646
621
824
710
701
698
698
697
680
675
665
659
659
663
616
659
631
681
613
790
707
686
681
681
675
666
661
664
680
691
695
676
695
631
732
688
700
710
717
724
735
731
728
704
688
660
663
633
646
667
723
756
756
721
716
715
701
694
688
684
683
678
676
673
665
680
712
713
725
725
735
728
721
701
688
690
678
664
651
646
649
659
677
678
697
645
692
631
692
615
634
608
630
595
662
622
824
750
731
703
691
670
664
667
610
649
610
704
681
701
702
718
715
688
678
682
674
658
646
635
617
604
614
617
621
598
599
623
617
711
746
689
671
655
650
615
647
604
642
592
614
600
656
610
689
594
635
597
643
598
652
596
648
596
649
590
666
610
765
691
685
681
684
688
694
698
698
696
695
683
685
689
689
683
670
672
658
663
657
653
673
692
653
722
647
727
624
749
671
662
653
646
637
634
636
655
666
683
675
626
606
606
604
656
630
803
728
725
723
699
686
677
676
667
666
660
653
652
657
672
684
689
644
663
612
636
609
693
644
803
702
706
697
693
687
688
697
702
709
709
689
681
675
670
653
652
660
633
711
680
688
693
696
692
695
695
681
675
670
671
652
665
675
674
629
675
598
655
600
698
658
654
629
615
599
606
613
715
753
751
782
770
741
725
705
677
662
652
606
595
655
643
741
703
706
701
708
717
724
724
714
691
679
660
652
646
683
666
739
773
762
755
717
706
696
690
683
671
662
651
628
654
616
722
680
703
728
759
771
745
736
742
732
722
693
688
681
689
702
694
698
721
743
738
724
702
687
669
651
642
612
601
587
658
605
697
692
627
627
651
626
722
617
693
587
626
593
663
602
727
700
669
704
654
659
604
699
607
804
697
677
662
662
667
666
672
675
686
693
690
699
687
684
688
689
695
692
678
668
661
653
650
647
633
677
614
621
613
705
641
774
690
692
698
679
665
659
651
653
653
665
673
633
710
621
724
681
662
658
661
662
663
657
651
644
638
612
598
599
646
612
684
622
701
620
671
587
620
595
641
598
661
605
671
600
743
679
655
647
647
649
645
630
616
626
611
662
614
725
685
672
674
678
675
681
684
674
670
669
671
656
648
649
646
635
641
628
669
616
680
609
668
592
623
581
604
584
645
618
738
705
676
664
674
679
668
664
658
651
637
605
581
578
573
587
623
770
758
788
729
680
673
660
660
609
647
591
645
582
652
575
634
579
606
579
615
586
634
589
621
598
843
721
721
730
711
691
681
664
652
652
624
606
581
620
593
684
703
666
665
671
663
665
666
672
658
625
644
603
663
604
699
624
698
645
686
635
735
702
696
680
676
679
669
667
667
661
656
649
625
601
597
646
729
751
761
763
754
724
707
683
676
668
662
658
652
626
604
604
605
604
652
615
783
685
686
688
691
693
687
686
680
672
673
681
705
713
719
729
721
716
708
698
686
681
680
677
698
691
710
717
731
728
709
687
669
675
630
652
608
716
690
700
691
688
685
696
701
701
712
713
713
721
724
727
719
713
700
686
680
668
652
642
629
595
657
613
698
651
658
626
678
625
786
695
687
669
656
643
636
608
590
588
574
583
592
667
737
765
755
742
712
691
680
671
657
631
640
586
668
594
626
581
593
580
587
619
615
624
630
642
649
656
646
614
611
616
715
621
659
586
619
589
656
599
708
693
707
685
696
756
785
799
805
791
763
753
754
747
738
715
721
704
694
680
673
669
652
626
637
630
658
614
635
609
627
604
609
593
603
593
615
632
619
624
621
639
629
672
640
674
598
697
650
917
782
731
692
688
670
654
643
614
605
647
685
765
715
723
753
745
752
754
742
725
701
695
685
672
675
691
721
720
722
737
746
754
737
715
702
693
687
686
706
726
748
729
733
741
744
734
708
700
696
687
688
703
718
704
692
688
681
668
628
619
597
618
601
653
645
833
713
711
708
692
692
688
699
713
700
696
688
689
690
690
709
707
701
694
687
681
682
693
703
703
699
699
713
728
735
719
716
709
708
717
718
728
716
709
706
699
700
707
711
715
708
707
706
714
719
736
741
725
709
701
688
680
678
676
673
666
654
665
622
711
630
737
669
663
635
625
633
611
683
651
729
634
673
633
662
658
667
695
677
661
694
743
779
801
811
791
778
767
771
782
769
761
765
767
777
816
813
784
772
763
764
748
747
744
711
695
684
670
653
622
596
620
602
668
622
805
707
690
672
670
666
664
654
627
622
668
656
837
737
729
717
721
725
726
717
704
701
692
688
691
706
708
706
703
708
706
710
706
694
693
694
691
695
700
707
696
689
689
685
687
692
704
711
717
725
726
724
714
705
699
696
693
705
734
756
736
733
727
722
724
725
737
732
717
709
701
691
686
682
685
683
667
624
614
638
611
652
600
650
604
659
604
665
594
667
584
664
608
751
710
692
705
711
720
732
746
732
727
723
730
746
761
740
725
722
713
703
688
676
665
660
668
655
662
599
649
592
622
599
632
610
611
600
620
614
661
611
836
724
677