679
683
678
689
707
729
728
764
742
739
710
702
729
742
765
745
772
739
756
724
691
729
725
751
792
768
732
713
745
732
749
734
713
710
703
688
673
665
663
691
702
709
724
717
775
782
782
771
754
723
755
755
769
761
759
731
763
762
772
770
740
712
688
699
683
659
647
640
648
751
826
989
1023
977
938
968
959
901
830
868
878
821
788
734
770
1092
1066
993
996
883
767
799
784
764
816
922
1014
872
813
795
791
804
789
769
816
821
798
790
756
751
722
701
729
729
770
777
736
656
548
289
750
744
757
773
794
813
811
753
745
749
775
765
767
809
859
822
819
812
783
786
772
746
769
761
738
723
734
745
769
768
765
755
786
780
731
729
754
753
753
771
755
763
758
745
745
737
756
747
746
741
732
725
721
706
688
696
700
713
697
701
715
710
699
715
724
709
710
725
741
728
732
749
740
743
748
723
716
718
723
719
732
707
698
711
709
698
688
709
706
684
686
705
727
740
726
763
778
763
773
795
772
748
782
787
757
782
771
752
769
760
740
740
761
763
746
757
759
767
827
824
802
823
817
813
826
794
801
797
767
749
755
745
736
750
751
729
745
754
740
755
815
811
814
841
806
793
802
777
760
793
800
778
784
793
771
743
753
773
747
751
734
692
685
707
736
779
761
750
777
771
740
724
755
768
771
763
828
831
788
772
813
804
770
758
798
794
795
826
832
791
807
799
794
798
787
760
763
784
827
811
808
819
790
763
771
783
780
788
788
758
763
767
762
763
783
753
774
764
756
766
776
740
732
741
729
721
728
732
707
709
746
776
783