712
689
705
703
765
800
812
809
807
743
732
693
715
727
738
708
729
767
754
703
727
746
750
783
789
776
702
720
721
754
777
779
764
763
697
705
711
737
749
751
748
736
696
693
678
693
727
771
733
722
708
723
773
783
767
766
808
759
736
744
784
809
840
821
771
741
741
758
771
752
727
707
723
732
743
773
775
752
745
749
760
746
744
703
701
708
735
743
723
737
778
785
771
770
755
728
752
714
710
690
711
711
735
754
713
708
699
701
742
748
814
826
844
854
817
795
750
724
722
750
749
767
752
724
756
724
774
704
711
681
709
692
694
722
734
732
738
717
680
688
706
738
816
843
842
765
753
749
715
701
679
664
653
655
649
668
672
693
732
737
833
848
865
771
755
753
763
736
767
764
786
798
760
791
783
765
735
722
715
732
758
766
760
765
750
783
743
791
800
790
828
773
742
765
753
751
755
698
716
736
752
752
771
773
741
757
763
719
720
700
709
723
712
712
715
719
710
725
708
712
720
725
769
758
724
723
709
704
707
724
721
724
727
708
700
688
672
665
660
688
690
724
731
725
754
757
745
716
706
724
716
717
699
711
713
721
719
724
720
750
729
702
705
722
764
763
763
765
758
752
736
755
727
721
712
693
710
707
735
723
739
719
719
721
717
714
719
716
706
722
702
706
711
696
698
711
704
700
703
686
691
685
679
678
687
692
697
698
703
708
732
722
707
719
693
687
688
686
688
700
702
725
710
736
723
743
716
714
686
695
727
745
775
770
738
691
665
669
737
842
864
833
751
765
779
781
748
767
778
762
741
702
712
730
824
896
899
869
813
806
779
766
771
787
774
769
805
835
804
810
813
798
771
759
732
705
731
745
732
709
733
738
736
724
719
724
720
703
734
747
765
765
797
809
806
777
775
773
768
778
762
770
773
758
757
746
747
703
688
705
723
708
723
713
695
703
691
663
705
696
729
705
724
754
823
863
821
739
765
766
824
862
875
869
759
764
770
783
742
745
749
785
799
783
743
760
754
750
736
705
731
730
752
771
769
736
702
710
709
743
765
785
795
788
790
807
803
804
805
786
760
722
719
709
707
704
724
765
824
864
860
771
789
783
820
822
813
815
779
749
737
761
764
790
773
799
810
803
788
826
812
813
820
814
774
768
738
740
709
708
709
771
866
896
762
768
800
805
782
794
778
725
735
705
730
813
830
917
831
893
953
945
880
826
772
782
736
762
790
835
865
895
853
822
820
804
819
795
812
814
794
770
770
749
728
710
698
689
707
731
754
786
764
724
767
781
849
882
813
789
778
778
771
734
747
729
728
759
789
793
755
726
697
679
662
644
634
632
630
640
644
711
715
830
802
848
860
777
741
735
763
777
741
747
749
759
761
788
754
746
767
755
743
760
735
753
762
746
703
700
704
697
721
715
710
701
690
690
701
674
649
640
651
681
770
814
830
839
747
729
731
739
714
744
730
746
734
738
748
735
748
718
719
707
700
676
672
686
717
737
722
742
749
720
729
722
719
717
729
725
725
720
699
692
696
699
675
712
688
700
706
695
686
699
715
725
701
723
754
760
751
727
728
737
736
754
756
749
736
712
695
703
694
703
695
703
717
714
686
672
681
703
714
705
707
729
693
700
692
698
707
694
693
670
668
678
729
771
791
785
839
819
758
789
768
742
778
753
813
865
818
758
772
751
764
759
722
677
715
714
747
801
762
793
786
803
775
769
746
712
690
698
731
771
813
866
838
836
786
755
728
828
785
813
807
797
772
737
770
804
852
852
807
823
833
835
793
793
799
808
786
785
806
824
790
754
759
764
774
781
738
739
744
799
812
820
782
781
769
769
741
710
727
737
764
745
759
811
823
807
771
771
791
786
766
750
760
750
737
739
758
779
802
798
769
756
778
779
803
778
829
854
822
848
834
843
802
831
797
819
780
801
797
781
772
789
782
758
755
762
768
741
712
711
740
842
865
904
899
842
826
834
824
800
811
808
789
809
796
787
759
777
785
797
787
813
811
800
830
789
758
759
771
795
769
785
809
821
792
810
815
815
799
821
789
765
775
773
743
725
743
757
770
758
794
824
810
810
814
786
803
806
801
822
803
771
785
774
761
738
763
777
762
789
798
779
785
811
788
790
801
775
761
748
726
714
729
732
753
821
801
785
794
781
757
770
758
735
772
807
815
818
822
783
783
785
768
732
746
742
735
734
752
783
777
812
815
790
763
761
742
758
774
782
801
799
753
729
741
783
801
762
776
821
789
778
807
810
786
797
813
791
826
834
789
771
771
753
729
739
772
761
746
735
718
767
773
761
837
815
811
856
832
813
812
780
796
822
825
874
875
836
883
866
803
836
792
771
795
804
802
823
812
783
792
810
823
854
886
868
854
843
798
763
772
759
731
716
751
823
862
842
763
763