934
911
779
873
913
964
935
826
843
853
756
779
787
828
1022
1041
980
972
972
971
955
937
880
782
808
943
1097
1036
1084
1080
908
962
986
1025
1031
942
847
871
798
918
1044
1034
965
878
878
940
980
1002
962
864
891
952
994
993
902
817
898
989
1023
1014
970
865
846
896
977
1015
984
936
854
924
984
1020
941
883
916
834
779
812
970
1066
1056
1019
918
871
895
942
979
955
982
999
992
911
804
859
885
1006
979
871
873
892
813
800
893
990
1004
941
840
813
882
988
961
887
864
952
1001
1021
916
818
883
970
1020
922
875
949
1021
1040
954
876
938
996
999
907
842
923
1024
1060
952
878
883
978
1029
945
881
939
1038
1046
1025
937
836
873
960
1033
946
874
933
996
972
850
883
979
890
860
899
836
848
971
1029
1047
1021
1018
906
856
896
967
1021
1021
992
873
789
868
993
1051
998
936
845
798
875
1056
970
927
988
1046
1054
970
916
938
992
942
896
953
1028
1046
1013
908
805
845
939
969
910
934
1030
1050
998
913
929
987
994
921
901
1004
1059
958
900
994
1052
1054
960
895
876
971
1052
1070
1075
1039
926
823
839
898
1045
1112
1052
963
956
980
1008
1012
1032
1032
1028
1007
925
823
813
899
1062
959
931
1015
1051
1054
1050
1019
899
805
804
846
1103
1077
1022
982
1017
1069
1065
1044
914
863
837
780
765
827
1018
1115
1103
936
805
788
838
1023
926