814
837
787
795
816
993
906
883
858
736
723
695
665
699
794
832
785
795
780
746
730
763
762
755
725
704
704
722
739
755
736
762
779
818
769
739
722
738
729
747
726
734
744
753
758
753
734
703
683
669
654
693
767
834
864
825
809
771
755
750
742
732
737
763
781
802
832
742
727
704
714
704
678
703
726
734
747
759
784
756
723
723
766
824
892
891
842
835
757
771
720
702
704
740
886
960
902
909
885
760
788
771
813
844
864
868
773
780
774
803
848
846
826
851
768
748
756
725
740
750
818
866
885
854
820
790
792
788
813
811
843
835
846
821
809
811
813
813
804
761
756
773
785
783
862
887
864
839
734
717
696
723
782
869
903
878
845
803
771
744
720
689
662
671
664
722
921
944
952
923
897
801
757
731
710
735
814
900
899
896
887
809
802
763
724
719
722
772
829
868
879
858
816
788
752
715
695
696
758
976
923
905
911
860
801
771
739
726
705
713
739
817
807
781
899
914
900
802
806
759
753
721
707
737
815
909
853
814
805
823
854
869
852
837
797
780
740
716
707
728
771
865
873
892
890
835
785
772
725
726
736
761
848
899
886
851
770
753
747
735
756
801
840
792
821
801
802
758
756
761
770
822
820
766
755
752
740
741
770
798
839
840
830
818
794
776
757
740
740
774
807
847
801
823
843
842
840
807
771
757
726
721
731
752
872
934
898
843
770
745
748
771
869
868
850
753
732
701
688
692
740
944
941
936
939
934
903
883
872
802
800
757
747
741
757
822
788
791
822
894
995
914
908
880
804
802
759
686
702
700
735
767
837
850
879
855
823
758
726
706
717
756
856
895
896
889
811
789
777
758
771
771
772
785
832
857
858
771
794
784
796
743
726
707
699
705
688
709
716
756
758
748
747
740
750
771
738
744
690
654
642
656
724
750
795
767
754
714
720
716
715
725
722
719
710
708
688
662
658
677
723
792
875
896
900
893
870
788
776
765
777
803
808
737
767
784
808
842
837
817
759
794
792
800
820
861
835
834
736
748
742
787
790
768
766
766
747
734
739
772
817
822
803
772
758
716
688
688
728
794
857
886
889
821
793
797
765
782
814
810
862
826
853
832
825
816
789
777
793
770
764
767
807
915
983
918
915
872
791
795
767
774
749
732
735
740
786
898
887
860
847
732
753
721
712
703
701
700
757
731
807
804
789
816
765
732
719
729
776
814
815
833
844
858
867
893
891
867
862
823
782
806
818
881
838
819
803
810
859
844
855
855
843
832
822
813
824
795
781
770
739
733
806
875
829
841
821
810
771
753
736
765
806
862
850
781
794
741
714
728
758
767
793
785
818
811
804
812
782
785
789
795
805
820
778
790
804
830
891
925
896
878
826
783
760
755
769
786
803
791
838
825
824
799
799
811
822
832
817
800
767
743
738
755
809
863
858
856
807
800
794
799
811
824
786
796
799
800
832
777
776
760
759
781
791
810
781
744
728
714
729
790
879
817
824
784
782
736
739
730
730
742
751
759
729
719
699
709
712
740
806
818
851
794
768
751
715
691
688
710
730
812
836
854
849
802
764
753
755
782
798
818
795
806
807
806
811
806
799
803
760
742
729
700
726
750
780
797
796
786
775
760
711
723
712
701
696
684
672
662
641
648
630
627
614
621
637
667
698
836
1015
952
948
870
842
825
832
793
741
745
749
815
898
946
934
931
912
891
876
849
830
766
757
756
809
880
932
923
911
908
883
833
761
773
811
843
903
914
895
868
821
795
811
842
895
900
899
848
824
816
852
911
932
899
839
797
827
791
783
910
924
918
914
895
837
782
865
873
947
950
954
944
895
847
827
857
923
959
952
899
868
904
931
936
924
920
864
818
885
896
916
921
874
855
894
953
945
923
875
852
895
931
949
948
941
918
853
783
848
913
994
972
950
954
935
867
820
867
911
990
962
915
890
938
995
997
981
930
879
896
939
983
979
919
904
952
964
956
930
926
914
864
834
822
887
972
969
945
935
890
853
839
898
975
943
899
885
938
955
975
909
886
906
956
1007
949
879
879
904
927
923
866
851
896
938
920
875
890
936
938
901
854
838
843
852
882
817
851
903
880
846
835
854
887
921
938
938
868
831
830
856
938
962
937
935
892
807
858
854
942
989
952
923
882
800
898
917
1015
987
978
918
864
818
906
950
964
976
960
895
853
882
964
999
958
902
902
960
987
964
917
859
845
884
986
985
960
915
873
910
956
985
963
896
865
899
956
963
966
896
876
913
946
954
905
906
948
960
970
949
925
859
791
887
944
1005
897
782
848