866
841
851
940
956
882
875
772
776
767
913
793
722
778
895
839
738
798
828
866
757
740
776
962
868
817
744
723
688
677
655
664
664
1088
1051
1080
1135
1123
1089
938
914
808
773
804
1000
954
893
871
793
735
718
693
762
1147
1020
862
871
814
854
836
852
794
781
762
856
947
905
981
1063
937
920
850
748
741
778
985
944
800
842
881
777
779
858
1060
1033
991
928
882
767
805
726
839
803
1102
924
907
873
802
715
724
774
737
728
813
894
794
769
765
882
855
895
880
818
797
880
836
774
812
874
748
721
733
692
668
655
683
1061
979
1046
962
966
1046
910
1000
918
990
1088
952
911
921
888
863
832
746
849
833
868
865
833
835
808
853
825
815
804
735
801
731
713
809
829
851
829
827
821
817
823
807
804
800
808
789
776
779
791
779
772
780
790
799
783
784
777
773
763
716
797
694
736
813
787
723
735
790
719
796
771
761
771
761
722
775
776
771
767
689
713
692
694
745
741
796
844
884
893
818
812
808
797
734
834
792
797
785
793
775
772
720
729
716
778
708
791
820
807
718
738
732
745
737
782
709
813
720
800
775
772
769
701
734
726
786
772
780
777
821
903
924
890
854
841
800
737
821
794
814
807
806
804
734
1238
952
771
720
685
654
655
785
742
765
966
959
1029
1079
947
827
769
734
706
706
701
694
684
675
664
646
644
631
625
636
657
702
964
998
992
982
897
780
844
755
768
735
717
778
766
822
1021
1040
1080
949
795
774
736
722
703
688
832
1028
1116
1061
989
864
769
791
758
736
798
1150
1072
966
883
787
765
796
819
930
838
784
832
820
845
841
795
772
737
722
726
743
896
889
881
867
823
778
729
724
702
709
810
853
875
812
799
820
786
709
697
724
1075
1009
956
909
925
880
826
777
766
714
823
945
1089
1046
928
910
912
883
867
840
844
822
851
857
760
737
711
722
699
710
922
848
913
826
734
747
776
729
724
736
819
704
723
721
706
711
709
739
803
780
797
787
779
757
695
683
669
676
728
776
822
1016
960
901
758
774
910
861
921
779
872
936
964
1021
929
842
766
724
685
671
654
675
1017
925
1024
992
912
822
732
732
721
731
880
1021
971
905
782
763
721
716
766
850
892
878
848
809
748
761
763
724
738
877
951
924
891
851
832
770
863
845
812
836
869
849
902
894
857
746
763
715
702
723
712
683
694
1103
966
925
894
845
759
765
753
889
860
815
827
771
750
724
722
822
775
712
747
1003
1029
988
957
916
857
867
863
878
899
894
917
938
919
782
770
775
803
754
868
912
1033
913
875
846
822
759
850
801
876
932
975
901
764
734
716
721
708
719
798
802
815
784
742
804
796
793
718
722
815
849
894
819
748
772
857
855
890
867
892
938
963
836
854
816
835
866
892
894
850
822
808
775
790
731
735
731
774
713
809
787
797
784
785
773
790
732
797
700
733
776
708
836
709
734
826
809
800
781
721
730
700
677
671
663
733
760
797
1175
1038
861
835
755
730
698
723
824
826
885
860
827
796
726
720
701
705
834
891
935
901
886
870
864
884
826
741
840
782
717
744
739
751
741
740
736
764
711
724
706
699
714
728
781
765
803
834
845
899
862
883
979
957
902
812
766
843
766
790
725
701
706
746
822
848
871
869
896
936
968
933
906
1027
1018
974
979
1032
943
987
1002
884
926
854
911
1038
951
938
935
837
858
902
836
803
740
843
808
769
846
756
777
793
960
949
858
790
803
762
758
763
938
1103
1091
990
959
1037
1009
1020
1027
938
1040
1076
1004
1059
938
937
989
1014
965
1040
1057
1037
931
776
741
809
1102
1051
924
920
957
951
924
912
871
832
924
977
980
934
888
910
922
901
907
846
791
934
968
957
1025
1048
950
995
1001
918
970
1061
1024
1056
1051
947
1010
1059
988
1066
1077
1021
943
1032
1005
887
907
1082
1053
953
1021
1044
960
824
791
779
723
711
691
678
674
683
707
806
775
709
736
723
716
716
734
809
711
774
858
873
840
811
789
788
792
797
767
744
709
705
726
825
1171
1104
1169
1020
1012
867
788
782
816
862
1196
1107
990
1021
932
804
776
767
836
775
793
857
762
758
743
767
748
714
728
817
884
868
861
809
870
811
863
856
841
856
1005
915
920
950
964
991
945
1030
1056
1041
944
990
1033
991
1031
995
936
972
1018
967
979
975
935
890
790
766
774
877
854
878
948
947
885
912
886
903
845
918
909
899
879
874
888
836
792
757
721
727
752
845
794
803
845
915
1080
951
862
896
945
952
839
787