910
949
905
905
947
909
933
938
873
909
883
827
817
722
924
1069
999
974
865
858
811
744
676
673
649
646
1018
1105
1023
1101
1082
1050
1009
1069
1039
989
979
1006
1009
1048
1000
1025
1019
1017
1040
1022
989
928
921
896
852
867
865
836
896
907
896
949
969
866
821
706
677
658
662
796
1223
1069
1057
944
933
930
971
1028
951
985
1031
959
998
1056
994
1008
1008
954
1020
1027
1022
1052
1028
955
955
995
998
936
998
1005
946
950
935
854
903
939
930
982
1055
1048
1071
1022
1000
1022
969
999
994
970
986
988
945
996
1037
951
931
921
841
810
731
960
1010
1063
1063
988
1047
1016
986
1028
1000
993
980
932
956
966
916
958
964
931
961
984
940
982
990
955
988
987
935
983
976
938
985
979
926
977
988
971
1028
978
1039
1039
958
1002
994
985
1021
996
1013
979
977
1013
963
1017
1001
1003
1033
991
987
1044
982
1009
980
972
1011
954
985
1017
970
966
1016
978
979
1009
990
955
993
1038
969
995
1045
968
989
1032
957
985
1019
945
1004
1012
983
992
989
970
992
970
936
972
941
934
981
947
952
997
951
988
979
954
965
964
932
981
974
921
946
903
921
895
861
912
886
933
920
940
1024
981
1073
1035
1029
991
968
985
981
992
1005
987
1026
980
992
1018
961
1004
992
955
1007
1004
974
993
979
983
937
907
960
946
950
1007
952
1009