876
868
881
1037
1097
972
999
1011
865
822
817
814
969
1033
1096
1004
987
967
961
896
873
989
1016
1061
1082
1076
1049
952
930
981
1007
1038
985
992
1091
1061
1087
1028
1021
959
956
1073
1082
959
1006
1020
1007
982
885
904
941
954
990
987
932
921
915
928
851
868
906
905
887
938
939
943
936
988
1078
1056
1025
1108
1075
1092
1043
966
899
851
811
826
897
1115
962
1020
1057
1066
947
965
927
886
961
941
997
1088
1121
1093
979
997
1021
987
1016
1028
1045
964
993
945
938
957
1055
1045
988
1017
1022
928
977
1006
974
968
909
916
891
939
1012
1034
1020
1026
945
895
899
882
809
824
891
1040
1124
1139
1139
1035
986
980
991
1046
1104
1101
1124
1095
1113
1109
1038
1066
1040
1058
1100
970
939
1117
1139
1140
1069
1085
1000
952
938
949
1003
1015
964
924
871
796
740
718
692
676
770
1071
1025
1056
989
1004
1035
1041
1025
1086
1116
1130
1146
1079
1137
1177
1052
1127
1173
1165
1041
1017
1201
1085
1129
1072
1006
1003
958
983
1035
1016
1040
1089
1036
1080
1092
1013
986
984
994
920
908
916
909
875
900
884
880
890
894
987
949
965
894
914
975
996
1014
1007
1070
1085
960
947
924
952
970
990
954
989
1042
1061
1036
1059
1010
1029
998
1050
1041
1029
1031
1044
1032
1009
1017
975
1035
1063
1100
1063
1046
1059
1025
986
991
925
950
995
942
912
949
1010
968
947
916
857
878
886
1073
1014
1047
1124
1084
1054
1037
1021
985
980
974
993
1032
1011
966
916
966
1063
967
1021
982
996
881
903
933
1074
1021
1021
1065
1012
1000
955
899
818
816
845
889
979
978
953
867
871
847
858
884
846
886
943
979
1021
1013
972
877
877
846
859
922
949
975
939
893
903
936
963
996
997
968
985
1012
971
1019
1014
1035
992
978
926
929
976
978
1029
1027
1043
961
956
865
826
849
883
983
1013
1046
1030
1105
1027
1046
982
1018
1020
1044
1067
1034
1008
908
919
910
959
1059
997
1065
1137
1046
1033
1007
995
984
1004
935
964
1004
1043
1015
1006
999
997
979
932
981
1030
1019
945
938
930
921
925
930
1037
1094
1099
987
994
914
842
829
873
975
974
1018
1011
945
950
978
964
979
986
1077
1161
1115
1090
1044
1008
1041
1030
921
891
908
993
1063
998
987
953
942
925
920
850
827
840
816
912
966
1019
1022
979
950
901
896
870
884
866
918
924
951
984
980
982
931
936
919
955
973
976
956
975
934
956
913
929
930
922
951
914
950
924
938
946
909
929
895
960
964
991
993
937
939
907
929
895
911
906
926
1005
974
990
945
971
950
927
924
916
966
940
939
888
860
812
901
942
985
1001
951
957
929
938
895
918
923
946
1026
1018
1041
970
948
1022
955
918
914
888
934
943
1052
1067
1047
1063
958
964
940
965
996
965
1029
995
1063
1039
1026
1057
1033
1066
1007
1072
1030
931
946
967
919
944
953
943
856
840
771
789
864
838
803
761
758
747
749
713
692
704
719
826
893
941
950
908
938
973
975
1000
1039
972
1051
1135
1091
1070
1102
1095
1080
1060
1093
1091
1110
1103
1081
1080
1095
1062
1092
1066
1046
1068
1048
1016
1038
1021
970
1003
1025
957
974
970
934
989
980
1004
1016
948
985
1005
980
940
876
916
975
986
1053
1021
1036
1039
976
994
988
1014
1066
1048
1097
1064
1070
1054
1017
1030
1042
1059
1113
1051
1093
1084
1077
1059
1000
1028
1045
1021
1088
1043
1063
1063
1006
1033
996
1027
1075
1011
1102
1089
1062
1064
1029
1060
1054
1086
1097
1049
1050
985
1070
1108
1044
1082
1046
1079
1107
1099
1137
1112
1088
1092
1043
1041
1080
1022
1067
1042
1065
1078
1045
1061
1040
996
998
958
985
992
976
1035
1008
1026
1019
972
1002
988
997
1058
1020
1068
1058
1084
1086
1024
1059
1047
1053
1088
1031
1091
1046
1058
1119
1064
1099
1061
1076
1064
961
938
911
950
1022
1074
1110
1075
1055
1005
941
952
953
957
921
887
885
954
1071
1135
1083
1066
1093
1039
1072
1107
1111
1137
1069
1093
1077
1103
1102
1046
1080
1070
1080
1100
1023
1050
1049
1064
1075
1045
1095
1063
1049
1063
1011
1073
1047
1075
1092
1039
1077
1066
1053
1063
1012
1053
1032
1046
1085
1036
1049
999
925
995
922
940
896
851
807